batch class_loss class_acc conf_loss conf
0 1.5172 53.12 0.6319 61.91
10 0.8216 84.38 0.5825 67.44
20 1.0682 59.38 0.5299 61.28
30 1.0370 62.50 0.5095 64.86
40 1.1148 65.62 0.5522 63.14
50 1.3538 50.00 0.4489 58.53
60 1.1935 65.62 0.4438 62.57
70 1.0448 59.38 0.3813 61.10
80 1.3648 56.25 0.5632 59.84
90 0.8749 68.75 0.5561 60.87
100 0.8430 75.00 0.4261 62.99
110 0.9529 71.88 0.6075 63.16
120 1.9064 31.25 0.8078 63.30
130 1.1900 53.12 0.5330 56.18
140 1.2027 53.12 0.4883 55.04
150 1.5590 40.62 0.5049 58.60
160 1.2255 50.00 0.5080 59.72
170 1.1229 53.12 0.4715 55.97
180 1.2217 56.25 0.5660 58.82
190 1.3365 50.00 0.4992 59.64
200 1.3989 56.25 0.6096 58.50
210 1.1985 53.12 0.5531 59.80
220 1.3208 50.00 0.5301 57.80
230 1.2246 53.12 0.6133 61.68
240 1.0892 68.75 0.6001 61.46
250 1.2698 56.25 0.5191 63.02
260 1.1267 62.50 0.4575 64.92
270 1.1083 56.25 0.3750 63.02
280 0.9129 65.62 0.5804 60.39
290 1.0551 65.62 0.5194 59.76
300 1.2666 59.38 0.4905 57.37
310 0.9221 78.12 0.5808 61.67
320 0.8523 78.12 0.4085 61.86
330 1.3746 59.38 0.4868 63.02
340 1.5438 43.75 0.5343 62.04
350 1.1703 59.38 0.4509 61.13
360 1.0369 68.75 0.5573 64.55
370 1.1901 53.12 0.5098 60.29
380 1.2249 59.38 0.4863 62.22
390 1.1207 53.12 0.4763 58.48
400 1.1155 50.00 0.4908 55.92
410 0.9821 68.75 0.4524 59.27
420 1.0500 62.50 0.4717 60.92
430 1.1485 65.62 0.4713 60.40
440 1.1266 62.50 0.3621 59.11
450 0.7182 75.00 0.4572 64.17
460 0.9081 71.88 0.4707 67.76
470 1.2035 62.50 0.5119 64.21
480 1.2020 62.50 0.4662 65.23
490 0.9848 75.00 0.4906 62.40
500 1.2965 59.38 0.5627 55.58
510 1.2043 56.25 0.5459 59.96
520 1.1946 59.38 0.5514 57.00
530 1.1985 62.50 0.4815 62.71
540 1.1183 56.25 0.4412 58.74
550 1.2100 46.88 0.5732 59.68
560 1.4307 46.88 0.7234 60.07
570 0.9455 65.62 0.3686 62.73
580 1.2276 56.25 0.5687 66.29
590 1.6686 50.00 0.5691 61.27
600 1.2717 50.00 0.6708 62.44
610 0.9177 68.75 0.5234 62.64
620 1.1212 56.25 0.5384 62.52
630 1.0815 65.62 0.5326 59.72
640 1.1897 59.38 0.5074 62.28
650 0.9157 62.50 0.4031 64.74
660 0.7477 71.88 0.4425 61.30
670 1.4004 43.75 0.5577 56.46
680 1.4520 50.00 0.6584 63.47
690 1.0906 62.50 0.4681 62.33
700 1.0110 59.38 0.4420 62.58
710 1.3108 56.25 0.4718 59.94
720 1.3997 50.00 0.5375 63.80
730 1.1985 56.25 0.5222 62.86
740 1.0510 62.50 0.3639 60.57
750 1.2983 65.62 0.5159 62.09
760 0.8572 62.50 0.3782 63.24
770 1.0363 68.75 0.5713 62.08
780 1.2033 59.38 0.5763 63.69
790 1.5838 62.50 0.5517 59.09
800 1.0337 65.62 0.4046 62.85
810 0.9692 59.38 0.5728 60.94
820 1.1460 53.12 0.4182 57.98
830 1.1445 59.38 0.5045 60.16
840 0.8822 71.88 0.5166 59.74
850 1.3229 53.12 0.5317 64.75
860 1.1407 56.25 0.4027 65.55
870 1.1972 53.12 0.6398 65.70
880 0.9137 65.62 0.4845 61.88
890 1.2962 56.25 0.4754 58.81
900 1.1727 59.38 0.3767 58.45
910 0.8169 68.75 0.4300 58.51
920 1.1936 56.25 0.4129 59.05
930 0.9230 78.12 0.4705 60.70
940 1.3101 56.25 0.4347 65.04
950 0.9962 65.62 0.5283 62.51
960 1.4421 53.12 0.7241 60.82
970 1.0810 62.50 0.5680 59.96
980 1.2754 59.38 0.5775 64.51
990 1.2109 56.25 0.6924 65.58
1000 1.3381 59.38 0.6743 55.79
1010 1.4342 46.88 0.4490 58.61
1020 0.8777 78.12 0.5177 61.42
1030 1.2382 56.25 0.5666 60.23
1040 1.2709 59.38 0.4728 61.53
1050 0.9937 78.12 0.5260 61.01
1060 0.9703 68.75 0.4620 65.24
1070 1.0709 59.38 0.3606 61.29
1080 1.2005 62.50 0.5061 64.17
1090 1.1534 59.38 0.4375 59.63
1100 1.2185 59.38 0.5732 60.51
1110 1.0581 56.25 0.4383 61.71
1120 1.2172 62.50 0.5100 58.25
1130 0.9932 71.88 0.4343 61.89
1140 1.1924 56.25 0.5052 60.83
1150 1.1664 59.38 0.4379 61.50
1160 1.3474 59.38 0.6204 61.51
1170 0.8620 78.12 0.5211 59.42
1180 1.5369 50.00 0.5058 62.61
1190 1.2747 56.25 0.5578 65.12
1200 0.9365 68.75 0.4238 59.03
1210 1.3713 50.00 0.6270 59.74
1220 0.8222 78.12 0.5206 61.98
1230 1.1397 56.25 0.4080 61.07
1240 1.1281 53.12 0.5373 64.46
1250 0.9523 75.00 0.4087 65.81
1260 1.2527 53.12 0.5733 65.97
1270 1.1161 59.38 0.6037 64.37
1280 1.0705 65.62 0.3992 64.27
1290 0.9169 68.75 0.4968 59.47
1300 1.1484 71.88 0.4872 60.48
1310 1.1011 59.38 0.5136 59.94
1320 1.1049 65.62 0.5968 65.22
1330 0.9625 78.12 0.7112 63.59
1340 1.2926 59.38 0.6468 61.61
1350 1.3995 46.88 0.5901 58.66
1360 1.1109 59.38 0.4989 58.23
1370 1.0331 59.38 0.4437 61.80
1380 1.1313 68.75 0.6677 62.92
1390 1.3551 53.12 0.5185 58.62
1400 0.9622 65.62 0.4199 62.57
1410 1.3183 53.12 0.5444 61.10
1420 1.2366 59.38 0.5964 57.11
1430 1.2771 56.25 0.5597 58.52
1440 0.9713 65.62 0.4456 61.94
1450 1.1174 56.25 0.4783 63.60
1460 0.9424 65.62 0.3899 59.50
1470 0.8253 75.00 0.4321 63.27
1480 1.2479 56.25 0.4273 61.75
1490 0.9521 71.88 0.4267 60.26
1500 1.1978 53.12 0.5420 58.47
1510 1.1135 56.25 0.4127 57.95
1520 1.3570 59.38 0.5775 57.18
1530 1.1376 59.38 0.5912 61.22
1540 1.4834 40.62 0.7414 62.84
1550 1.3868 46.88 0.5612 62.84
1560 1.0467 71.88 0.3608 64.79
1570 1.5264 50.00 0.6271 65.45
1580 0.8400 75.00 0.4392 64.78
1590 1.1099 65.62 0.5335 58.40
1600 1.4080 65.62 0.5968 59.20
1610 1.2841 50.00 0.3953 60.89
1620 1.2384 56.25 0.6611 67.36
1630 1.1681 59.38 0.4671 62.01
1640 1.0252 71.88 0.4754 65.23
1650 1.0052 65.62 0.4039 65.43
1660 1.1060 65.62 0.5256 66.94
1670 1.2255 65.62 0.4876 62.85
1680 1.4140 46.88 0.4639 57.55
1690 1.1638 59.38 0.5368 58.59
1700 0.9312 71.88 0.5808 64.59
1710 1.3376 59.38 0.5621 66.69
1720 1.3671 53.12 0.5503 59.67
1730 1.1659 68.75 0.4818 63.46
1740 1.5637 34.38 0.5884 59.45
1750 1.4211 53.12 0.5869 62.59
1760 1.3297 59.38 0.5686 62.27
1770 1.2721 50.00 0.4886 57.12
1780 1.2061 68.75 0.6879 61.14
1790 1.0877 75.00 0.4639 66.84
1800 1.0854 68.75 0.4532 65.27
1810 1.2623 62.50 0.5844 66.51
1820 0.7815 71.88 0.4857 66.39
1830 1.0622 59.38 0.4087 61.98
1840 1.0372 62.50 0.5798 61.67
1850 0.9686 62.50 0.4663 61.87
1860 0.8182 81.25 0.4778 61.43
1870 1.2926 50.00 0.5196 62.59
