batch class_loss class_acc conf_loss conf
0 1.1782 53.12 0.5055 58.28
10 0.9773 65.62 0.6918 59.61
20 1.2012 53.12 0.3607 59.79
30 1.2075 53.12 0.5039 59.82
40 0.9410 65.62 0.3789 60.83
50 1.0299 68.75 0.5847 62.57
60 0.9748 75.00 0.4967 61.23
70 1.0778 65.62 0.4400 60.84
80 1.0711 62.50 0.4316 66.16
90 0.9134 65.62 0.4553 65.12
100 0.9884 68.75 0.4596 64.43
110 1.4004 56.25 0.6293 63.23
120 1.3097 56.25 0.5087 59.56
130 0.8871 71.88 0.4522 63.58
140 1.3064 62.50 0.6467 61.22
150 1.8020 43.75 0.5456 60.17
160 0.6826 75.00 0.4770 65.02
170 1.0439 59.38 0.3606 64.56
180 1.3920 53.12 0.6157 63.53
190 1.0762 62.50 0.4050 62.29
200 0.9067 71.88 0.5225 63.72
210 1.1932 59.38 0.5241 63.58
220 1.1319 65.62 0.4884 60.90
230 0.8890 75.00 0.4164 65.70
240 1.5047 43.75 0.5721 67.45
250 1.2374 53.12 0.4065 64.14
260 1.0986 59.38 0.4982 64.40
270 0.6877 81.25 0.4768 62.88
280 1.5982 50.00 0.6727 65.36
290 1.2949 62.50 0.6332 61.45
300 0.8455 65.62 0.4255 59.23
310 1.0065 62.50 0.5527 59.93
320 1.5079 50.00 0.5582 59.27
330 0.9427 75.00 0.4456 63.53
340 0.7992 71.88 0.4429 65.21
350 1.2969 50.00 0.6344 62.69
360 0.8720 71.88 0.4040 65.99
370 1.0268 56.25 0.4425 64.28
380 1.1009 62.50 0.5045 62.31
390 0.9316 68.75 0.5025 63.59
400 1.0312 65.62 0.4639 66.20
410 1.0226 59.38 0.6118 64.17
420 1.0989 59.38 0.4739 66.34
430 0.8573 71.88 0.4267 62.51
440 1.1434 65.62 0.4319 59.39
450 1.1621 62.50 0.5678 63.74
460 1.2010 59.38 0.4590 60.01
470 0.8975 59.38 0.4331 60.16
480 1.0871 56.25 0.4021 64.50
490 1.3080 65.62 0.5835 66.25
500 1.1372 62.50 0.4778 61.28
510 1.0466 62.50 0.4422 61.80
520 1.2059 53.12 0.5299 61.95
530 1.2350 59.38 0.5702 60.40
540 0.9031 71.88 0.3305 61.69
550 0.9427 75.00 0.4735 65.70
560 0.9983 65.62 0.4942 61.17
570 1.1319 56.25 0.6054 64.43
580 1.2729 53.12 0.4889 60.18
590 1.0029 59.38 0.4801 62.82
600 0.8606 75.00 0.5377 61.68
610 1.2268 50.00 0.4340 59.80
620 0.8510 75.00 0.4298 64.78
630 0.8296 81.25 0.5095 67.26
640 1.2476 56.25 0.4805 60.89
650 1.0735 62.50 0.4417 64.24
660 0.9889 68.75 0.4889 62.58
670 1.1583 65.62 0.6770 64.35
680 1.0889 62.50 0.5180 63.49
690 1.0691 65.62 0.5238 60.65
700 1.2098 53.12 0.5214 56.41
710 0.9749 71.88 0.3823 62.42
720 1.0791 65.62 0.5216 63.81
730 1.1257 56.25 0.4754 64.15
740 1.0321 59.38 0.5035 63.29
750 0.8029 75.00 0.5680 62.34
760 1.3058 50.00 0.5645 63.92
770 1.0818 62.50 0.4951 65.38
780 1.0682 65.62 0.3566 63.07
790 0.8671 68.75 0.4705 63.32
800 0.8529 59.38 0.6004 64.84
810 0.9533 65.62 0.4322 62.19
820 0.8882 68.75 0.4092 61.36
830 1.6543 46.88 0.8261 63.74
840 0.9897 65.62 0.4264 61.19
850 1.0346 62.50 0.5469 59.60
860 0.8183 68.75 0.3816 62.02
870 1.1183 65.62 0.4863 58.90
880 0.8443 65.62 0.3767 64.51
890 1.1815 53.12 0.5109 60.79
900 1.2163 53.12 0.5868 63.20
910 0.9877 59.38 0.4256 62.52
920 0.9594 68.75 0.4968 61.66
930 1.0724 71.88 0.5708 59.38
940 1.1337 56.25 0.5967 60.68
950 1.0492 71.88 0.5028 61.16
960 1.3370 53.12 0.4799 63.14
970 0.8432 75.00 0.4770 63.97
980 1.4311 53.12 0.6914 65.94
990 0.9294 75.00 0.4746 61.89
1000 1.2339 59.38 0.4105 58.84
1010 0.9997 71.88 0.5400 63.71
1020 1.1116 53.12 0.5181 61.49
1030 1.2939 53.12 0.5095 56.18
1040 1.0348 65.62 0.4063 60.33
1050 0.9641 75.00 0.5750 62.60
1060 1.0626 68.75 0.3802 64.18
1070 1.1896 53.12 0.4629 61.57
1080 0.8341 75.00 0.4249 61.90
1090 1.4014 53.12 0.5508 61.25
1100 1.6207 43.75 0.6938 62.15
1110 1.2674 59.38 0.5693 62.57
1120 1.0529 56.25 0.5695 59.62
1130 1.0806 62.50 0.5803 65.83
1140 1.1165 59.38 0.5517 63.52
1150 0.8570 71.88 0.4123 62.93
1160 0.9014 78.12 0.3389 67.87
1170 1.2005 53.12 0.4787 64.22
1180 1.3741 46.88 0.4582 60.97
1190 1.1821 65.62 0.5670 61.16
1200 1.1321 56.25 0.3928 56.42
1210 0.9021 59.38 0.4561 65.65
1220 1.0454 62.50 0.4022 63.09
1230 0.7957 71.88 0.4284 63.23
1240 1.1533 62.50 0.6128 58.24
1250 1.0204 71.88 0.4997 60.40
1260 1.2998 50.00 0.4807 59.08
1270 0.7990 81.25 0.4717 60.25
1280 1.1213 65.62 0.4382 64.02
1290 1.3955 50.00 0.5271 58.21
1300 0.7235 81.25 0.5462 61.35
1310 0.8635 68.75 0.3609 60.91
1320 0.7857 68.75 0.4381 61.96
1330 1.0773 65.62 0.4642 60.65
1340 1.2466 50.00 0.5558 69.21
1350 1.0948 65.62 0.5913 68.36
1360 1.4991 46.88 0.8675 65.66
1370 1.0063 65.62 0.3756 61.53
1380 1.2314 59.38 0.4762 62.34
1390 1.2559 50.00 0.6985 65.54
1400 1.0185 62.50 0.5770 64.90
1410 1.0187 59.38 0.4090 63.89
1420 1.0004 65.62 0.4791 63.28
1430 0.7573 71.88 0.3356 62.82
1440 1.2581 56.25 0.5455 68.63
1450 1.0384 71.88 0.5013 66.62
1460 1.1146 65.62 0.3983 63.34
1470 1.3762 59.38 0.5594 63.16
1480 0.9991 59.38 0.3528 63.74
1490 1.3726 62.50 0.3832 65.73
1500 0.9431 68.75 0.5243 59.12
1510 0.7700 71.88 0.4496 66.29
1520 1.1019 62.50 0.4986 65.94
1530 0.8295 71.88 0.4386 63.85
1540 1.2108 50.00 0.5161 62.54
1550 1.4067 46.88 0.5554 61.19
1560 1.1077 62.50 0.4229 62.43
1570 0.9217 71.88 0.5251 62.83
1580 1.0786 68.75 0.5203 66.78
1590 1.1126 59.38 0.4979 64.55
1600 1.2694 56.25 0.3666 63.81
1610 1.4037 56.25 0.6700 62.78
1620 1.2173 59.38 0.5140 59.94
1630 1.3276 65.62 0.4001 62.01
1640 1.1250 62.50 0.4040 63.07
1650 1.0190 62.50 0.6614 63.30
1660 1.1906 56.25 0.6369 61.44
1670 0.9452 65.62 0.5409 60.16
1680 1.2781 65.62 0.4061 63.97
1690 1.1319 59.38 0.5302 64.67
1700 1.1083 65.62 0.6112 64.80
1710 0.9682 59.38 0.3788 61.44
1720 1.1701 65.62 0.4800 58.10
1730 1.0925 56.25 0.5330 62.26
1740 0.8275 78.12 0.4526 63.57
1750 0.9422 75.00 0.3852 63.06
1760 1.2061 62.50 0.5339 63.49
1770 0.8581 75.00 0.3084 65.99
1780 1.1305 59.38 0.4733 60.59
1790 1.0830 59.38 0.4076 63.82
1800 1.5510 53.12 0.7676 66.04
1810 1.2649 46.88 0.5610 58.91
1820 0.9594 65.62 0.5391 59.52
1830 0.7827 75.00 0.5600 63.04
1840 1.0231 68.75 0.4748 60.30
1850 1.1210 68.75 0.5102 58.17
1860 1.2085 56.25 0.5134 66.86
1870 1.1028 65.62 0.4432 69.30
