batch class_loss class_acc conf_loss conf
0 1.3297 56.25 0.4107 64.76
10 1.0452 62.50 0.4587 60.77
20 1.0051 56.25 0.3941 60.38
30 0.8881 78.12 0.3912 65.36
40 1.0563 71.88 0.4326 64.46
50 1.4091 53.12 0.5903 63.36
60 1.5017 53.12 0.5068 59.80
70 1.1922 62.50 0.4422 64.26
80 1.5266 50.00 0.5913 61.83
90 1.1475 59.38 0.4609 59.97
100 1.0359 68.75 0.4436 59.32
110 0.7203 81.25 0.4912 64.17
120 1.1053 65.62 0.5113 62.01
130 1.1955 50.00 0.4817 60.79
140 0.9143 71.88 0.4424 60.83
150 1.2381 53.12 0.3602 55.13
160 1.0180 68.75 0.4547 58.79
170 1.2228 59.38 0.6009 63.91
180 1.1428 68.75 0.5698 61.76
190 1.3437 56.25 0.4757 62.01
200 1.2583 56.25 0.4828 61.75
210 0.9662 65.62 0.4746 60.79
220 1.5393 56.25 0.6091 60.07
230 1.1300 59.38 0.4981 62.59
240 0.9637 71.88 0.5126 61.02
250 1.1760 53.12 0.4395 62.91
260 1.0416 62.50 0.4829 62.06
270 0.9267 71.88 0.4517 64.78
280 1.1558 62.50 0.5493 64.26
290 1.3384 53.12 0.5083 62.25
300 1.3409 59.38 0.4988 58.19
310 0.9896 68.75 0.4878 61.87
320 1.0891 68.75 0.5538 59.90
330 1.1287 65.62 0.6060 62.06
340 0.8751 71.88 0.5655 62.88
350 1.0864 62.50 0.4359 64.24
360 0.8356 68.75 0.4376 60.65
370 1.3484 50.00 0.6518 62.07
380 0.7180 84.38 0.4716 61.41
390 1.1211 59.38 0.4235 63.93
400 0.9183 68.75 0.3792 63.67
410 0.9915 59.38 0.4194 64.05
420 0.9812 68.75 0.5292 61.37
430 1.3286 59.38 0.7348 59.07
440 0.9741 71.88 0.3645 64.86
450 1.2765 59.38 0.4559 65.44
460 0.9223 68.75 0.3341 62.12
470 1.1102 59.38 0.4288 60.53
480 1.1368 62.50 0.4302 64.34
490 1.1013 53.12 0.3814 57.95
500 0.9878 71.88 0.5785 62.51
510 1.4109 53.12 0.5704 64.67
520 1.3666 56.25 0.4742 58.09
530 1.2283 53.12 0.3527 57.69
540 1.1256 59.38 0.4555 63.11
550 0.8594 75.00 0.3521 63.34
560 0.9126 62.50 0.3547 64.13
570 1.0403 62.50 0.4997 63.65
580 1.2944 56.25 0.4517 60.13
590 0.9599 68.75 0.4395 60.44
600 1.0270 78.12 0.5603 62.09
610 1.2109 56.25 0.5308 63.27
620 0.8951 68.75 0.3480 64.88
630 0.9602 71.88 0.5637 60.49
640 1.0801 65.62 0.4785 62.34
650 1.1656 56.25 0.4762 61.77
660 1.0302 65.62 0.3721 65.32
670 1.0822 53.12 0.5174 57.91
680 0.9333 65.62 0.4340 60.96
690 1.1837 56.25 0.4297 61.86
700 0.8115 75.00 0.4069 61.62
710 1.2805 56.25 0.4482 62.80
720 1.3931 56.25 0.4481 64.37
730 1.3011 50.00 0.5036 64.19
740 0.9776 62.50 0.5651 61.95
750 1.1522 59.38 0.3772 61.11
760 0.7566 78.12 0.4540 59.21
770 0.9841 65.62 0.3803 63.36
780 1.2248 53.12 0.3575 59.87
790 0.8126 75.00 0.3804 64.18
800 1.3173 53.12 0.5520 59.71
810 0.7006 75.00 0.4536 61.02
820 0.9284 68.75 0.4072 65.11
830 1.5873 50.00 0.5847 65.71
840 0.7238 78.12 0.4484 65.72
850 0.6515 75.00 0.3463 67.01
860 0.9808 68.75 0.5621 68.67
870 0.7633 71.88 0.4658 65.11
880 0.8279 75.00 0.5823 64.35
890 1.3667 53.12 0.5882 62.57
900 1.3614 46.88 0.6422 63.00
910 0.6472 75.00 0.4745 61.51
920 1.2571 59.38 0.4603 61.41
930 1.3929 59.38 0.6257 64.49
940 1.5100 53.12 0.5568 60.19
950 1.3964 53.12 0.4727 59.70
960 1.2429 56.25 0.4577 57.65
970 1.2676 56.25 0.5317 59.63
980 1.1711 62.50 0.4574 60.63
990 1.3135 50.00 0.5919 61.49
1000 1.0994 65.62 0.5475 66.19
1010 1.1436 59.38 0.6007 64.95
1020 0.9994 62.50 0.4598 59.95
1030 1.0729 56.25 0.4765 65.40
1040 1.0124 71.88 0.4851 61.82
1050 1.2056 65.62 0.5356 65.29
1060 1.3880 53.12 0.6344 66.28
1070 0.9276 71.88 0.4028 63.70
1080 1.3996 50.00 0.5042 65.50
1090 0.8323 65.62 0.3445 64.29
1100 1.3928 59.38 0.6660 59.75
1110 1.2735 53.12 0.4351 60.78
1120 1.2879 59.38 0.5147 58.53
1130 1.0650 62.50 0.3939 66.24
1140 0.9270 71.88 0.5535 66.23
1150 1.1241 56.25 0.5059 62.47
1160 1.0280 59.38 0.4596 66.48
1170 1.0100 68.75 0.4914 66.92
1180 1.1434 62.50 0.5007 61.76
1190 0.8899 68.75 0.3650 62.44
1200 1.3487 46.88 0.5123 63.07
1210 1.0440 53.12 0.5449 63.62
1220 1.2441 68.75 0.5006 60.02
1230 1.1448 53.12 0.6377 60.11
1240 1.0268 65.62 0.5511 61.32
1250 1.3106 59.38 0.4984 59.58
1260 1.3487 43.75 0.6591 62.13
1270 0.9871 71.88 0.4357 62.54
1280 1.0804 59.38 0.4175 63.69
1290 0.9556 68.75 0.4658 57.84
1300 1.0884 56.25 0.4634 65.24
1310 0.7692 71.88 0.4004 65.50
1320 1.1046 53.12 0.5190 66.38
1330 0.9925 71.88 0.3081 63.13
1340 0.8465 78.12 0.4828 62.24
1350 0.7924 68.75 0.4569 59.87
1360 1.3001 59.38 0.5305 63.53
1370 1.4050 43.75 0.5220 59.25
1380 1.0851 56.25 0.5322 62.35
1390 1.2731 56.25 0.4564 57.71
1400 0.8642 75.00 0.5551 61.65
1410 0.9936 68.75 0.5788 61.28
1420 0.9239 62.50 0.3961 59.98
1430 0.8828 68.75 0.4098 63.35
1440 0.9992 68.75 0.4972 58.91
1450 0.6575 75.00 0.3883 68.16
1460 1.0561 78.12 0.4961 60.54
1470 1.0158 65.62 0.5342 61.17
1480 1.0097 71.88 0.4353 63.73
1490 0.8595 81.25 0.6219 61.22
1500 1.1409 65.62 0.5449 60.88
1510 1.2710 65.62 0.6368 59.62
1520 1.0699 65.62 0.4583 64.51
1530 0.7431 75.00 0.4097 63.79
1540 0.8042 75.00 0.3501 66.01
1550 1.1731 56.25 0.6809 66.92
1560 1.0542 62.50 0.3893 61.23
1570 1.1577 68.75 0.5103 62.78
1580 1.1426 59.38 0.5150 63.06
1590 0.8793 71.88 0.3795 63.12
1600 1.4302 46.88 0.5200 63.76
1610 1.2420 59.38 0.4451 65.93
1620 1.1428 59.38 0.4967 62.72
1630 1.4437 50.00 0.5247 62.08
1640 0.9095 65.62 0.5603 66.30
1650 1.1775 56.25 0.4337 62.29
1660 1.2736 56.25 0.4553 63.23
1670 1.1545 65.62 0.5362 58.35
1680 1.5928 53.12 0.5250 58.14
1690 0.9472 65.62 0.4961 58.53
1700 0.9137 62.50 0.3049 64.50
1710 0.8381 71.88 0.5765 65.35
1720 0.9256 75.00 0.5095 66.67
1730 1.1564 62.50 0.5645 62.16
1740 1.0760 68.75 0.4261 62.61
1750 1.2756 59.38 0.5744 64.36
1760 0.8613 78.12 0.5899 59.89
1770 1.0013 56.25 0.3937 65.70
1780 1.0046 65.62 0.4862 61.52
1790 0.8576 68.75 0.3485 63.35
1800 1.1894 59.38 0.4784 64.01
1810 1.0274 65.62 0.5920 63.86
1820 0.9595 78.12 0.4796 65.51
1830 0.8807 68.75 0.3875 63.71
1840 0.8911 68.75 0.4449 65.27
1850 0.8897 68.75 0.4465 66.48
1860 0.8840 68.75 0.4168 66.08
1870 1.1278 59.38 0.5796 66.46
