batch class_loss class_acc conf_loss conf
0 1.0997 56.25 0.5072 61.92
10 1.0071 65.62 0.5720 60.01
20 1.2295 62.50 0.4521 61.87
30 1.4239 56.25 0.6146 63.25
40 1.1080 62.50 0.4770 64.58
50 0.8653 71.88 0.6000 62.28
60 1.1154 65.62 0.6149 63.24
70 1.2548 56.25 0.4428 63.43
80 1.4005 50.00 0.5505 61.18
90 0.7752 81.25 0.4667 61.60
100 1.2456 59.38 0.5644 64.09
110 1.0194 65.62 0.4546 63.27
120 0.9410 68.75 0.4560 63.92
130 1.1017 50.00 0.4440 59.83
140 1.1768 56.25 0.4623 60.17
150 1.0883 53.12 0.4093 62.10
160 1.2426 56.25 0.5240 61.07
170 1.3939 50.00 0.4932 59.15
180 1.5792 56.25 0.5948 60.49
190 1.4318 50.00 0.5288 57.46
200 1.0876 53.12 0.3649 58.80
210 1.3161 50.00 0.5419 62.44
220 1.5489 50.00 0.5411 62.13
230 1.1517 62.50 0.5039 59.61
240 1.2466 59.38 0.4322 61.38
250 1.0802 59.38 0.4505 60.74
260 1.1052 56.25 0.3589 58.04
270 1.0120 71.88 0.5448 59.96
280 0.9929 56.25 0.6485 58.20
290 0.8064 78.12 0.4469 60.58
300 1.6341 50.00 0.6870 58.64
310 0.9494 75.00 0.4405 60.10
320 1.1821 59.38 0.3466 61.62
330 0.8856 68.75 0.4909 65.26
340 1.7421 37.50 0.7976 61.37
350 1.2213 59.38 0.5309 56.54
360 1.1567 59.38 0.5056 56.77
370 1.2812 53.12 0.5660 60.47
380 1.5959 46.88 0.5885 59.11
390 0.8873 65.62 0.3197 62.34
400 1.0072 71.88 0.3889 66.98
410 0.9460 71.88 0.4630 64.87
420 0.9127 68.75 0.5711 64.23
430 1.0724 65.62 0.4641 64.87
440 1.3109 46.88 0.5060 63.37
450 1.2766 53.12 0.4957 62.03
460 1.2577 50.00 0.4016 57.77
470 1.4356 46.88 0.4459 60.14
480 1.1231 62.50 0.4561 58.94
490 1.2991 56.25 0.4399 61.93
500 1.4165 46.88 0.5678 63.32
510 1.0928 65.62 0.4433 58.35
520 1.5413 50.00 0.6053 64.26
530 0.9775 68.75 0.5463 65.08
540 0.9538 62.50 0.4841 66.31
550 1.3471 53.12 0.4659 59.77
560 0.7859 78.12 0.4927 58.68
570 1.2182 65.62 0.5432 66.11
580 1.1723 59.38 0.5850 64.43
590 1.0584 59.38 0.5066 62.91
600 1.0430 62.50 0.4546 63.61
610 1.5138 50.00 0.6108 60.47
620 1.6566 46.88 0.6306 58.50
630 0.9509 65.62 0.4351 64.66
640 1.1569 75.00 0.5877 64.07
650 1.0437 68.75 0.5268 65.13
660 1.4873 56.25 0.6327 63.24
670 1.1257 53.12 0.5029 62.82
680 1.2097 68.75 0.7176 63.65
690 1.6658 50.00 0.5166 62.82
700 1.0915 56.25 0.3783 59.58
710 1.1318 65.62 0.4833 63.22
720 1.2446 62.50 0.4770 64.51
730 1.0162 59.38 0.4053 63.85
740 1.2704 53.12 0.5433 59.07
750 1.3273 56.25 0.4175 62.67
760 0.8534 65.62 0.4701 64.65
770 1.2158 53.12 0.4792 60.67
780 1.0798 71.88 0.5079 60.16
790 1.2758 56.25 0.4657 61.18
800 1.0056 71.88 0.4703 65.87
810 1.2495 56.25 0.4880 61.22
820 1.3993 56.25 0.5389 56.35
830 1.1449 62.50 0.6183 52.56
840 1.0693 65.62 0.4952 59.03
850 1.1218 62.50 0.4300 60.22
860 1.1292 62.50 0.3626 60.55
870 0.9211 68.75 0.5492 60.09
880 1.2892 59.38 0.5874 60.95
890 1.3180 59.38 0.5192 59.65
900 1.4954 59.38 0.6707 58.12
910 0.9881 59.38 0.3944 62.40
920 1.1543 56.25 0.4153 60.19
930 1.0983 59.38 0.5716 63.15
940 1.0123 68.75 0.4587 57.69
950 0.7044 78.12 0.4503 60.67
960 0.8326 75.00 0.4332 66.31
970 1.2153 62.50 0.5632 63.96
980 1.4355 50.00 0.5284 65.32
990 0.9732 71.88 0.4757 65.98
1000 1.3271 46.88 0.4726 61.33
1010 1.1438 56.25 0.4856 64.44
1020 0.9088 68.75 0.3537 61.07
1030 1.0871 62.50 0.5597 65.78
1040 0.9537 62.50 0.6096 64.62
1050 1.2351 56.25 0.4839 58.44
1060 1.2564 62.50 0.5714 59.65
1070 1.1468 59.38 0.5479 62.33
1080 1.1776 62.50 0.5248 58.58
1090 0.8646 75.00 0.5424 61.66
1100 1.4168 59.38 0.7389 63.61
1110 1.1041 59.38 0.4426 62.48
1120 1.1435 59.38 0.4228 61.01
1130 1.1848 56.25 0.5300 60.58
1140 1.2731 62.50 0.5083 60.42
1150 1.0836 53.12 0.4955 63.95
1160 0.9048 75.00 0.4121 61.96
1170 1.1853 62.50 0.5432 63.48
1180 1.3728 59.38 0.5400 61.09
1190 1.7848 37.50 0.6658 64.49
1200 1.1812 56.25 0.4039 59.64
1210 1.0242 68.75 0.4877 52.10
1220 0.8658 59.38 0.4292 60.20
1230 0.7745 78.12 0.5100 61.47
1240 0.8872 68.75 0.5697 62.48
1250 1.4360 53.12 0.5958 63.75
1260 1.5372 46.88 0.6518 58.50
1270 1.1617 65.62 0.4449 62.23
1280 1.0871 56.25 0.4933 58.66
1290 0.9327 62.50 0.5019 61.45
1300 1.0050 68.75 0.4458 59.66
1310 0.9494 75.00 0.4643 63.63
1320 1.1230 71.88 0.5322 60.17
1330 1.5268 46.88 0.6412 60.60
1340 0.9506 62.50 0.5564 59.66
1350 1.1913 62.50 0.5536 59.96
1360 1.0028 59.38 0.5121 62.54
1370 1.0084 68.75 0.4898 60.62
1380 1.3563 50.00 0.5642 60.09
1390 1.0686 62.50 0.4446 59.03
1400 1.0772 62.50 0.4455 64.31
1410 0.8833 71.88 0.4447 62.72
1420 1.1777 56.25 0.4756 64.12
1430 0.9129 75.00 0.4764 64.81
1440 1.2111 62.50 0.3917 58.25
1450 1.1204 62.50 0.6085 58.98
1460 0.8607 75.00 0.5648 62.61
1470 1.7546 40.62 0.8053 59.82
1480 0.8399 78.12 0.3750 62.85
1490 1.0893 50.00 0.3536 59.72
1500 0.9165 65.62 0.5013 61.31
1510 1.7774 37.50 0.6650 61.03
1520 1.0434 62.50 0.3689 60.57
1530 1.0018 62.50 0.4566 62.76
1540 0.9567 71.88 0.4408 63.59
1550 1.5151 56.25 0.5259 66.84
1560 1.2583 53.12 0.4673 60.31
1570 1.0123 68.75 0.4392 59.40
1580 1.4114 56.25 0.5365 58.96
1590 1.0049 65.62 0.5103 61.24
1600 1.1092 65.62 0.4818 59.81
1610 1.2999 50.00 0.5422 63.98
1620 0.9681 59.38 0.3672 63.33
1630 1.0231 62.50 0.4343 62.76
1640 1.2829 59.38 0.4850 58.70
1650 0.9560 71.88 0.5324 63.57
1660 1.1138 59.38 0.4057 61.92
1670 1.0694 68.75 0.6422 64.23
1680 1.1077 65.62 0.5056 64.35
1690 1.0006 65.62 0.3984 64.88
1700 1.0626 65.62 0.6124 64.71
1710 1.2193 65.62 0.6484 59.40
1720 1.4108 59.38 0.4911 58.51
1730 1.3829 56.25 0.6510 62.27
1740 0.7481 75.00 0.5236 65.38
1750 1.2552 59.38 0.5711 62.32
1760 0.9020 68.75 0.4265 62.79
1770 1.0758 65.62 0.5409 59.51
1780 1.1980 53.12 0.5607 60.99
1790 1.1201 56.25 0.4900 60.73
1800 0.9453 68.75 0.4520 59.61
1810 1.2019 59.38 0.6566 63.68
1820 1.8120 43.75 0.4652 64.58
1830 0.8979 71.88 0.4457 64.41
1840 1.1244 59.38 0.3879 60.77
1850 0.9431 65.62 0.3871 62.43
1860 1.2145 59.38 0.4263 60.31
1870 1.2492 59.38 0.5246 61.01
