batch class_loss class_acc conf_loss conf
0 1.1403 56.25 0.4589 63.77
10 1.3561 53.12 0.7272 62.77
20 0.9736 65.62 0.4913 61.39
30 0.8181 75.00 0.4761 61.66
40 1.2958 53.12 0.6474 58.43
50 1.2613 59.38 0.6386 57.39
60 1.2811 56.25 0.5215 58.80
70 1.2420 59.38 0.5413 60.67
80 1.3407 56.25 0.6186 60.91
90 1.3735 53.12 0.5036 57.19
100 1.3684 53.12 0.6619 57.42
110 1.2220 59.38 0.5798 59.97
120 1.2528 62.50 0.4730 57.21
130 1.4564 46.88 0.4453 59.27
140 1.2456 53.12 0.4985 61.18
150 1.1206 68.75 0.6150 57.41
160 1.2412 59.38 0.5182 61.93
170 1.3045 46.88 0.6324 61.68
180 1.0602 59.38 0.4115 60.80
190 1.4348 50.00 0.4834 58.70
200 1.1686 56.25 0.5639 60.25
210 1.2526 62.50 0.4980 60.72
220 1.1143 65.62 0.3578 57.01
230 1.1271 65.62 0.4727 55.87
240 1.3110 62.50 0.6512 60.01
250 1.0631 68.75 0.5780 62.75
260 1.2021 56.25 0.4615 61.09
270 1.0461 65.62 0.4765 60.93
280 1.0742 59.38 0.4782 60.99
290 1.2307 59.38 0.6114 62.88
300 1.4061 53.12 0.6745 61.72
310 0.8738 71.88 0.5522 62.27
320 1.2990 40.62 0.5336 59.55
330 1.0836 65.62 0.4806 60.40
340 1.2443 62.50 0.5373 57.05
350 1.2278 50.00 0.5590 59.96
360 1.2056 59.38 0.4884 58.59
370 1.1031 62.50 0.5290 54.47
380 1.2459 59.38 0.6051 56.23
390 1.2323 62.50 0.5833 56.75
400 1.3853 43.75 0.5186 57.83
410 0.8645 68.75 0.4633 60.94
420 1.1349 53.12 0.4849 57.54
430 1.0793 65.62 0.4529 57.73
440 0.9890 71.88 0.4341 62.48
450 0.8614 71.88 0.5018 61.80
460 1.0956 62.50 0.6535 63.63
470 0.9470 65.62 0.4535 61.39
480 1.1886 56.25 0.6147 62.32
490 0.9558 65.62 0.4056 58.31
500 1.4927 53.12 0.4369 60.45
510 1.3185 56.25 0.6840 60.76
520 1.2162 65.62 0.5181 55.22
530 1.1927 62.50 0.6351 60.18
540 1.2429 62.50 0.4692 59.91
550 1.2774 56.25 0.5956 61.86
560 0.8549 71.88 0.4432 62.22
570 0.7627 78.12 0.4573 63.97
580 1.3321 50.00 0.4654 60.93
590 1.2550 62.50 0.5226 59.76
600 0.9842 62.50 0.3945 59.18
610 1.3172 62.50 0.5707 60.29
620 1.5831 37.50 0.6220 57.30
630 1.1854 53.12 0.5223 56.81
640 1.0464 65.62 0.5644 58.12
650 1.1424 68.75 0.6812 59.63
660 1.1539 50.00 0.5481 58.79
670 1.3674 53.12 0.5701 59.03
680 1.2547 50.00 0.4887 58.95
690 0.9648 65.62 0.4765 58.66
700 0.7259 68.75 0.3699 62.15
710 1.5199 50.00 0.5828 59.25
720 1.3657 53.12 0.6259 55.57
730 1.0463 68.75 0.5297 56.54
740 1.0704 62.50 0.5848 58.54
750 1.1928 53.12 0.5520 61.35
760 1.1995 65.62 0.6004 61.82
770 1.0677 62.50 0.5127 62.66
780 1.1319 56.25 0.5830 61.17
790 1.2427 50.00 0.4481 61.30
800 1.1543 53.12 0.4114 62.57
810 1.4002 53.12 0.6218 60.78
820 1.0103 59.38 0.4926 54.48
830 0.8547 65.62 0.4381 59.40
840 1.2680 56.25 0.6058 57.18
850 1.3062 53.12 0.5201 59.09
860 0.8519 75.00 0.5097 63.58
870 1.2653 59.38 0.5251 62.37
880 0.9589 68.75 0.5194 59.91
890 1.6092 43.75 0.5628 57.01
900 1.0202 68.75 0.6274 59.02
910 1.0180 53.12 0.4527 58.79
920 0.8997 68.75 0.5190 60.32
930 1.1926 46.88 0.4832 58.87
940 1.2904 46.88 0.5943 63.06
950 1.2570 46.88 0.6485 59.20
960 1.2539 46.88 0.6352 62.89
970 1.2049 56.25 0.4496 56.39
980 1.4846 43.75 0.4843 59.00
990 0.9120 65.62 0.5096 58.33
1000 1.3628 56.25 0.5894 58.56
1010 1.3299 46.88 0.4968 59.50
1020 0.9939 71.88 0.4432 62.84
1030 1.1387 56.25 0.6486 64.63
1040 1.1453 56.25 0.4644 60.11
1050 0.9106 75.00 0.5085 58.79
1060 1.1356 65.62 0.6134 62.47
1070 1.0711 71.88 0.4727 65.94
1080 1.3567 59.38 0.6733 63.86
1090 1.2990 46.88 0.5332 60.62
1100 1.2000 56.25 0.5207 60.73
1110 1.2028 53.12 0.4982 58.09
1120 0.9177 65.62 0.5373 59.34
1130 0.8299 78.12 0.4900 60.61
1140 0.9297 68.75 0.4679 66.99
1150 1.1005 65.62 0.4558 63.10
1160 1.1551 56.25 0.5787 64.13
1170 1.2363 62.50 0.6079 63.36
1180 0.9025 75.00 0.3988 63.14
1190 1.1812 53.12 0.4099 62.18
1200 0.9674 65.62 0.5093 57.41
1210 1.2639 53.12 0.4812 61.37
1220 1.2063 62.50 0.5036 58.57
1230 1.2822 68.75 0.6218 61.44
1240 1.3091 53.12 0.5085 56.59
1250 0.9243 71.88 0.4720 63.42
1260 0.7531 71.88 0.5049 62.25
1270 1.0602 59.38 0.4473 61.59
1280 1.0287 59.38 0.5804 57.51
1290 1.0574 68.75 0.4845 55.69
1300 1.3492 62.50 0.5707 60.09
1310 1.2546 65.62 0.5907 62.38
1320 1.2642 59.38 0.6169 61.70
1330 0.9584 75.00 0.5282 61.30
1340 1.3931 50.00 0.5968 63.08
1350 1.5181 50.00 0.5828 60.08
1360 1.5324 53.12 0.6189 62.00
1370 1.0548 59.38 0.5905 62.25
1380 1.1795 59.38 0.5403 61.37
1390 1.0290 62.50 0.3862 62.77
1400 1.1578 62.50 0.4947 62.97
1410 1.1176 59.38 0.6465 58.96
1420 1.1645 68.75 0.7281 63.43
1430 1.2643 65.62 0.4181 60.14
1440 1.2819 50.00 0.5813 63.67
1450 1.0500 62.50 0.5857 60.76
1460 1.0717 68.75 0.4608 62.27
1470 1.0744 65.62 0.5701 61.82
1480 1.1628 59.38 0.5223 62.25
1490 1.1050 62.50 0.5955 58.02
1500 1.2862 43.75 0.5483 58.58
1510 0.6805 78.12 0.4518 62.69
1520 0.9877 65.62 0.3971 60.91
1530 1.2447 53.12 0.6401 60.31
1540 0.8348 75.00 0.5484 58.94
1550 1.4031 56.25 0.5332 61.58
1560 1.2339 50.00 0.5567 62.34
1570 1.1756 62.50 0.4876 57.63
1580 1.2205 56.25 0.5470 57.98
1590 1.2260 59.38 0.6221 54.39
1600 1.0932 65.62 0.5181 60.83
1610 0.8357 71.88 0.4882 60.59
1620 1.2709 56.25 0.5725 64.75
1630 0.8064 71.88 0.4605 63.56
1640 1.1508 56.25 0.4079 60.03
1650 1.0102 62.50 0.6427 59.76
1660 0.7438 71.88 0.4330 61.61
1670 1.3111 62.50 0.5562 63.10
1680 1.2842 62.50 0.4910 60.82
1690 1.1644 56.25 0.4310 58.87
1700 1.0517 65.62 0.4930 63.94
1710 1.1465 59.38 0.5409 63.60
1720 0.9846 56.25 0.4220 60.81
1730 1.1311 62.50 0.4983 62.60
1740 0.9169 68.75 0.4788 61.10
1750 1.0937 59.38 0.4542 61.09
1760 1.1116 62.50 0.4490 60.29
1770 1.3218 59.38 0.5412 60.56
1780 1.2256 56.25 0.5873 61.88
1790 1.1344 75.00 0.5597 60.59
1800 0.9671 62.50 0.4162 59.26
1810 1.0874 59.38 0.4347 59.26
1820 1.5449 40.62 0.5392 59.02
1830 1.0545 59.38 0.5399 56.76
1840 1.0679 59.38 0.5285 63.96
1850 1.1135 68.75 0.6377 60.44
1860 1.1955 59.38 0.5975 61.11
1870 0.9123 78.12 0.6258 58.57
