batch class_loss class_acc conf_loss conf
0 1.2480 46.88 0.5396 59.74
10 0.9879 71.88 0.4911 63.75
20 0.9122 65.62 0.4467 64.09
30 1.1049 50.00 0.5855 65.21
40 1.0365 62.50 0.4875 60.50
50 1.1579 59.38 0.4695 59.34
60 0.9402 59.38 0.4443 61.83
70 1.0457 62.50 0.4350 61.40
80 0.9602 59.38 0.4115 63.69
90 1.0550 62.50 0.4175 64.38
100 1.5507 43.75 0.4869 64.49
110 1.0412 56.25 0.3604 56.04
120 0.9624 56.25 0.3799 59.06
130 1.1445 62.50 0.4123 65.72
140 1.1203 65.62 0.4501 64.41
150 1.1459 56.25 0.4873 60.17
160 1.3563 50.00 0.4404 60.47
170 0.7773 78.12 0.4660 56.44
180 0.5522 90.62 0.5987 66.61
190 1.5411 46.88 0.8831 66.46
200 1.1288 56.25 0.4686 61.48
210 1.5033 53.12 0.5175 59.18
220 1.1954 65.62 0.5278 60.70
230 1.0603 62.50 0.4312 59.57
240 0.9200 68.75 0.3853 65.11
250 1.0913 68.75 0.7313 58.14
260 1.2203 62.50 0.5291 62.12
270 1.1299 68.75 0.5346 59.11
280 1.4624 46.88 0.5443 59.66
290 0.9519 71.88 0.5288 62.37
300 1.0756 68.75 0.4843 61.04
310 1.2185 53.12 0.5185 64.86
320 1.0579 59.38 0.3792 65.25
330 1.1937 56.25 0.4043 63.62
340 1.2254 56.25 0.5938 64.32
350 1.2524 62.50 0.6047 65.63
360 0.9476 65.62 0.4938 65.68
370 1.1274 65.62 0.5605 67.40
380 1.3274 56.25 0.5569 63.90
390 1.0127 65.62 0.4587 59.11
400 1.3444 46.88 0.5884 60.33
410 1.2708 59.38 0.3642 58.51
420 1.3202 56.25 0.5509 60.21
430 1.1664 56.25 0.5591 60.98
440 1.2120 59.38 0.5338 59.24
450 1.0250 62.50 0.4899 63.74
460 1.3354 50.00 0.5533 62.35
470 1.0597 65.62 0.3938 61.94
480 0.7154 75.00 0.3954 64.00
490 1.0893 56.25 0.3569 57.76
500 1.0676 62.50 0.5490 61.00
510 0.8131 71.88 0.4023 64.06
520 0.9760 65.62 0.5973 65.23
530 0.8258 75.00 0.3504 64.81
540 1.2128 59.38 0.4252 61.05
550 0.7554 78.12 0.4670 63.92
560 1.4182 50.00 0.5205 59.10
570 1.0680 65.62 0.5335 59.34
580 1.2063 56.25 0.4539 58.44
590 1.0544 71.88 0.5781 60.41
600 0.9260 62.50 0.6241 61.89
610 0.9992 65.62 0.4459 65.22
620 1.0536 62.50 0.4930 63.34
630 1.2314 56.25 0.4653 61.78
640 1.1985 53.12 0.5497 60.95
650 0.8445 62.50 0.5267 59.98
660 1.0869 62.50 0.4389 65.60
670 1.1638 53.12 0.5397 66.21
680 0.9121 68.75 0.4800 66.31
690 0.9530 68.75 0.4586 64.48
700 1.4793 59.38 0.6467 63.88
710 1.1946 59.38 0.4086 58.19
720 1.3617 53.12 0.5439 63.72
730 0.9709 68.75 0.6012 60.98
740 1.2912 53.12 0.4591 63.71
750 0.9430 65.62 0.5394 64.04
760 0.9751 68.75 0.5214 59.84
770 0.9042 71.88 0.4852 59.07
780 1.2818 59.38 0.5299 62.59
790 0.7714 75.00 0.3576 65.67
800 1.1297 71.88 0.4491 59.89
810 1.2150 62.50 0.5992 60.85
820 1.2931 62.50 0.4512 60.37
830 1.2348 43.75 0.6281 61.47
840 1.0049 75.00 0.4227 66.45
850 0.9323 71.88 0.4988 67.25
860 1.1941 62.50 0.4335 65.18
870 0.9668 65.62 0.6554 60.51
880 1.0015 68.75 0.4153 62.32
890 1.2558 62.50 0.4212 62.61
900 1.2856 53.12 0.4760 64.18
910 1.1853 62.50 0.4200 63.02
920 1.1293 62.50 0.3976 58.53
930 1.2085 56.25 0.4386 62.01
940 1.1071 59.38 0.4441 64.03
950 0.9478 65.62 0.5523 61.29
960 1.6463 40.62 0.6538 58.51
970 1.3159 62.50 0.5738 60.46
980 1.2462 53.12 0.4110 60.90
990 1.1107 62.50 0.5443 63.61
1000 0.8533 78.12 0.5834 61.82
1010 0.9071 65.62 0.4624 65.19
1020 1.1637 53.12 0.4372 61.26
1030 1.0914 71.88 0.5964 63.09
1040 1.1999 59.38 0.3624 61.06
1050 1.0559 59.38 0.3585 65.09
1060 1.2193 62.50 0.5187 62.70
1070 1.3093 53.12 0.5438 57.74
1080 0.9613 71.88 0.5126 61.21
1090 1.4187 53.12 0.6495 62.95
1100 0.9518 65.62 0.4293 57.53
1110 1.1068 62.50 0.4321 56.33
1120 1.3594 59.38 0.5534 60.20
1130 1.0696 62.50 0.5859 61.14
1140 1.2207 43.75 0.5915 63.17
1150 1.1739 62.50 0.4305 57.89
1160 1.1917 59.38 0.5154 64.75
1170 1.1143 62.50 0.4934 67.42
1180 1.2152 56.25 0.4380 64.93
1190 1.3388 50.00 0.7739 64.66
1200 1.1615 65.62 0.4166 62.93
1210 1.2863 65.62 0.5574 62.74
1220 1.0911 62.50 0.4266 62.04
1230 1.1859 59.38 0.3572 63.01
1240 1.2907 56.25 0.5129 60.08
1250 1.0631 65.62 0.5561 62.56
1260 1.2491 59.38 0.4303 61.13
1270 1.1047 56.25 0.5286 65.10
1280 0.8842 71.88 0.4680 60.19
1290 1.2187 53.12 0.4303 62.22
1300 1.3343 65.62 0.5281 65.51
1310 1.2169 59.38 0.5349 62.07
1320 1.1384 59.38 0.4704 61.73
1330 1.1591 56.25 0.4420 62.30
1340 1.2283 50.00 0.4297 57.94
1350 1.1325 68.75 0.5645 61.01
1360 1.3145 46.88 0.4418 62.18
1370 1.3708 53.12 0.6767 64.33
1380 1.5309 46.88 0.6290 61.77
1390 1.0493 56.25 0.3768 57.76
1400 1.3271 56.25 0.4854 57.76
1410 1.3641 62.50 0.5255 61.71
1420 0.7823 71.88 0.4433 62.64
1430 0.7297 71.88 0.4307 67.66
1440 1.2093 59.38 0.5447 62.84
1450 1.4051 46.88 0.4891 60.90
1460 0.8584 65.62 0.4437 59.78
1470 1.1015 62.50 0.4848 63.61
1480 1.2141 59.38 0.4613 61.30
1490 1.2296 56.25 0.3840 61.14
1500 1.4258 53.12 0.5311 60.39
1510 1.1293 53.12 0.4592 61.07
1520 1.2047 62.50 0.6724 61.39
1530 1.2028 62.50 0.5539 60.23
1540 1.2253 62.50 0.5345 66.04
1550 1.1409 59.38 0.4664 60.91
1560 1.2112 59.38 0.5267 63.77
1570 1.2252 56.25 0.4427 62.45
1580 0.9499 65.62 0.4832 64.47
1590 0.9018 75.00 0.6008 60.58
1600 0.8876 71.88 0.3541 63.10
1610 1.3958 59.38 0.5762 63.94
1620 0.9828 65.62 0.4713 61.83
1630 0.9404 71.88 0.4501 61.99
1640 0.7659 78.12 0.4894 65.38
1650 0.8292 71.88 0.4749 68.28
1660 0.9703 68.75 0.4154 66.61
1670 1.1728 53.12 0.5229 56.92
1680 1.2596 59.38 0.6392 60.35
1690 1.0020 62.50 0.4950 63.68
1700 1.0536 68.75 0.4965 65.49
1710 0.9073 65.62 0.4270 65.40
1720 1.2075 56.25 0.4919 62.03
1730 0.9015 59.38 0.4818 57.77
1740 1.3819 53.12 0.4493 62.61
1750 0.9736 71.88 0.5283 63.99
1760 1.1578 56.25 0.3786 61.61
1770 0.9266 75.00 0.5599 64.39
1780 1.2780 56.25 0.4724 58.33
1790 1.2727 56.25 0.3631 58.30
1800 1.2815 53.12 0.5389 57.36
1810 0.9689 68.75 0.4748 59.56
1820 1.1868 62.50 0.5138 65.62
1830 1.1827 65.62 0.5854 67.63
1840 1.3652 62.50 0.4730 66.90
1850 0.9696 59.38 0.3941 62.69
1860 1.5911 50.00 0.5815 58.90
1870 0.9749 62.50 0.4174 63.52
