batch class_loss class_acc conf_loss conf
0 0.8889 62.50 0.5830 63.64
10 1.2064 62.50 0.5335 56.53
20 1.5668 43.75 0.4938 56.66
30 1.3970 56.25 0.4576 64.56
40 1.0037 62.50 0.4661 62.55
50 1.1150 56.25 0.5040 61.50
60 1.1690 62.50 0.5836 64.78
70 1.2084 56.25 0.3963 62.84
80 1.0626 65.62 0.4663 66.56
90 0.8788 71.88 0.5738 60.29
100 0.9428 68.75 0.4993 62.04
110 1.0905 53.12 0.5417 62.88
120 1.1821 56.25 0.5568 57.08
130 1.5226 53.12 0.6325 57.36
140 1.0682 62.50 0.4776 59.14
150 1.1183 59.38 0.4476 60.06
160 1.2508 59.38 0.4946 61.40
170 0.8385 78.12 0.5412 55.36
180 0.9159 68.75 0.4910 61.03
190 0.9561 65.62 0.3291 63.04
200 1.1174 56.25 0.4720 63.38
210 0.8924 71.88 0.3112 64.25
220 1.4104 56.25 0.7220 68.34
230 1.3390 50.00 0.5359 61.35
240 0.8732 81.25 0.5254 58.80
250 1.0933 62.50 0.4199 61.73
260 1.0138 62.50 0.3952 60.56
270 1.3292 56.25 0.5728 61.63
280 0.8299 78.12 0.4351 63.04
290 0.6884 75.00 0.4285 63.60
300 1.0042 68.75 0.4620 65.73
310 1.3114 50.00 0.4105 61.73
320 1.4545 50.00 0.5618 57.22
330 1.1192 50.00 0.6000 60.63
340 0.9471 62.50 0.4127 62.20
350 1.4775 43.75 0.5569 57.71
360 1.3143 50.00 0.4875 59.76
370 1.0837 62.50 0.4405 59.89
380 1.0651 68.75 0.3631 62.63
390 1.5035 46.88 0.5876 59.41
400 0.8762 75.00 0.5291 63.49
410 0.7909 75.00 0.3851 61.99
420 1.0447 62.50 0.5156 62.58
430 0.9539 71.88 0.4598 64.10
440 1.1640 62.50 0.4423 61.46
450 1.0510 59.38 0.6413 63.98
460 1.2496 59.38 0.4986 62.33
470 0.7781 75.00 0.4135 64.42
480 1.1503 65.62 0.5581 59.67
490 0.8015 68.75 0.4093 65.45
500 1.1396 68.75 0.4627 63.72
510 0.9959 65.62 0.4201 66.79
520 1.1589 53.12 0.4710 61.12
530 0.8061 71.88 0.4524 63.51
540 1.0536 62.50 0.4887 62.09
550 1.0361 65.62 0.5703 61.77
560 1.0850 56.25 0.3982 59.11
570 0.9496 65.62 0.4071 52.56
580 0.8743 62.50 0.3677 64.05
590 1.1570 68.75 0.5489 65.48
600 0.9831 68.75 0.4189 63.94
610 1.0691 65.62 0.4116 61.43
620 1.2610 53.12 0.4745 63.80
630 1.2474 53.12 0.5613 63.26
640 1.1018 65.62 0.4127 63.30
650 1.0952 62.50 0.4625 60.19
660 1.5590 43.75 0.6129 58.05
670 1.2001 56.25 0.4200 59.91
680 1.1363 62.50 0.4534 61.11
690 1.1016 50.00 0.3431 58.60
700 0.8286 71.88 0.4197 61.58
710 1.2361 53.12 0.5729 63.39
720 1.4468 50.00 0.4044 57.29
730 1.1806 62.50 0.5871 61.87
740 0.8731 65.62 0.3126 62.48
750 1.7680 40.62 0.7787 65.49
760 1.3497 56.25 0.6127 65.76
770 1.0724 62.50 0.4053 58.35
780 1.0823 62.50 0.4749 63.38
790 1.6557 40.62 0.7106 61.23
800 0.8492 65.62 0.5245 62.43
810 1.0040 75.00 0.5167 62.43
820 0.8631 75.00 0.5569 64.23
830 1.0343 78.12 0.4418 64.24
840 1.0219 71.88 0.5076 62.50
850 1.2274 53.12 0.4090 61.99
860 1.0289 71.88 0.4879 59.67
870 0.9053 81.25 0.4572 63.09
880 1.3267 50.00 0.4880 61.70
890 1.0531 65.62 0.5449 67.61
900 1.4486 56.25 0.6726 66.64
910 0.6597 81.25 0.4343 63.66
920 0.9407 71.88 0.4233 66.82
930 0.7707 75.00 0.3682 68.70
940 0.8999 65.62 0.5707 67.77
950 1.2550 59.38 0.4609 59.26
960 0.8795 68.75 0.4164 63.82
970 1.1146 62.50 0.4995 63.30
980 1.4497 46.88 0.5296 63.73
990 0.9951 68.75 0.5890 60.54
1000 1.1189 68.75 0.4365 62.28
1010 1.6494 40.62 0.5392 60.87
1020 1.0288 59.38 0.4987 62.53
1030 1.1630 59.38 0.5934 57.16
1040 1.5912 53.12 0.5014 60.04
1050 1.1641 56.25 0.4786 60.68
1060 0.7626 78.12 0.3862 65.03
1070 1.1804 53.12 0.5942 63.86
1080 1.6612 43.75 0.5840 61.26
1090 1.3750 53.12 0.5258 60.91
1100 0.9156 71.88 0.4226 60.41
1110 1.5547 50.00 0.5659 61.66
1120 1.2531 65.62 0.6525 64.24
1130 0.9023 68.75 0.6725 65.51
1140 1.2414 50.00 0.4136 62.53
1150 1.2984 56.25 0.5975 63.08
1160 1.3757 50.00 0.5261 61.54
1170 1.2556 56.25 0.4300 61.13
1180 1.0771 65.62 0.5177 63.93
1190 1.3718 56.25 0.6752 64.66
1200 1.2633 59.38 0.5294 64.57
1210 1.2740 53.12 0.4527 64.76
1220 1.3341 46.88 0.5181 60.98
1230 1.3254 56.25 0.6038 59.18
1240 1.3469 56.25 0.5660 61.83
1250 1.0096 75.00 0.5113 61.29
1260 1.4732 59.38 0.5306 68.27
1270 0.8084 75.00 0.4431 66.37
1280 1.1383 59.38 0.4057 60.39
1290 1.0254 62.50 0.4902 67.56
1300 1.1795 65.62 0.4598 59.91
1310 0.8087 71.88 0.3800 66.39
1320 1.3679 43.75 0.6894 64.65
1330 1.2120 59.38 0.5135 64.11
1340 1.1471 65.62 0.6095 62.60
1350 0.8143 71.88 0.3046 62.98
1360 1.2611 56.25 0.4897 61.46
1370 1.2743 59.38 0.4058 61.73
1380 1.0720 68.75 0.6670 58.43
1390 0.9683 65.62 0.4474 67.02
1400 1.5612 56.25 0.6028 62.37
1410 0.8762 68.75 0.3988 62.99
1420 0.9034 71.88 0.4096 63.45
1430 1.4055 50.00 0.5030 63.13
1440 1.2188 53.12 0.4237 63.54
1450 1.3297 56.25 0.5721 61.85
1460 1.4762 46.88 0.7586 59.01
1470 1.3102 56.25 0.4550 62.20
1480 1.2813 62.50 0.4735 62.05
1490 1.1161 62.50 0.5121 61.55
1500 1.1805 62.50 0.4758 63.18
1510 1.2673 59.38 0.4987 62.76
1520 1.0694 68.75 0.4941 61.94
1530 1.1860 59.38 0.6393 62.25
1540 0.8053 71.88 0.3804 64.77
1550 0.8507 68.75 0.3402 62.84
1560 0.9016 78.12 0.4739 66.92
1570 1.2694 59.38 0.4226 65.47
1580 1.1405 50.00 0.5595 65.51
1590 1.5744 43.75 0.5360 53.48
1600 0.7115 81.25 0.4613 58.94
1610 1.0549 65.62 0.3648 57.67
1620 0.7230 75.00 0.4413 61.88
1630 1.2559 59.38 0.4540 60.73
1640 1.2827 53.12 0.5253 61.74
1650 1.1079 62.50 0.6071 57.49
1660 0.6355 81.25 0.4154 65.84
1670 1.1020 56.25 0.4307 64.38
1680 1.0658 59.38 0.3733 61.26
1690 1.0007 59.38 0.3612 61.30
1700 0.9554 71.88 0.4556 65.49
1710 0.9148 62.50 0.4860 64.19
1720 1.1979 59.38 0.5562 61.99
1730 0.8796 71.88 0.6080 68.43
1740 1.3473 53.12 0.4970 63.56
1750 1.2857 50.00 0.5530 66.56
1760 1.5518 46.88 0.5983 62.99
1770 1.0611 59.38 0.4029 63.01
1780 0.9533 68.75 0.5938 65.49
1790 1.4640 46.88 0.5815 63.53
1800 1.2746 59.38 0.6719 61.46
1810 1.2932 56.25 0.4568 57.49
1820 1.4307 56.25 0.5283 54.69
1830 1.2223 53.12 0.7159 61.55
1840 1.0260 56.25 0.3307 63.71
1850 1.2379 56.25 0.5365 63.14
1860 0.7191 81.25 0.4050 65.11
1870 0.9085 68.75 0.3977 61.53
