batch class_loss class_acc conf_loss conf
0 2.2600 15.62 0.7239 50.94
10 2.3552 6.25 0.3923 28.57
20 2.3319 15.62 0.4450 17.00
30 2.3135 6.25 0.2429 13.87
40 2.3219 12.50 0.3571 13.86
50 2.2505 12.50 0.3995 14.56
60 2.1704 15.62 0.4363 16.03
70 2.1352 21.88 0.5336 19.24
80 2.1583 25.00 0.5793 23.16
90 1.9657 43.75 0.7695 27.38
100 1.9568 31.25 0.6454 30.63
110 2.0354 25.00 0.5409 33.98
120 1.9136 28.12 0.6807 36.00
130 1.8666 43.75 0.6759 37.37
140 1.7470 37.50 0.5775 40.21
150 1.8453 31.25 0.5850 42.03
160 1.6238 43.75 0.5934 43.31
170 1.6172 40.62 0.6151 44.59
180 1.4693 56.25 0.6370 44.91
190 1.4551 59.38 0.5774 46.42
200 1.6769 37.50 0.6942 45.24
210 1.6651 43.75 0.6374 45.29
220 1.2705 59.38 0.6171 45.94
230 1.5946 40.62 0.6065 49.48
240 1.5835 40.62 0.5869 50.68
250 1.3844 53.12 0.5491 51.35
260 1.6057 40.62 0.4741 50.71
270 1.6847 28.12 0.5962 49.84
280 1.5137 43.75 0.7046 49.57
290 1.1536 62.50 0.6662 48.93
300 1.4130 50.00 0.6712 48.61
310 1.4834 53.12 0.6407 49.73
320 1.6162 50.00 0.6734 48.90
330 1.2119 65.62 0.6072 48.65
340 1.4479 37.50 0.5880 53.35
350 1.2376 50.00 0.5746 56.01
360 1.3845 43.75 0.6500 54.14
370 1.5102 50.00 0.5501 52.07
380 1.8289 43.75 0.6808 50.70
390 1.0479 65.62 0.6703 48.87
400 1.5032 46.88 0.6300 49.86
410 1.3991 59.38 0.6784 48.99
420 1.5127 53.12 0.5590 51.01
430 1.5254 40.62 0.4948 51.13
440 1.1963 65.62 0.5701 51.46
450 1.4217 53.12 0.5930 52.08
460 1.2627 59.38 0.5157 54.71
470 1.0500 62.50 0.5091 56.84
480 1.5120 43.75 0.6759 57.27
490 1.2290 53.12 0.4441 56.22
500 1.0090 68.75 0.7104 53.18
510 1.5082 46.88 0.4349 51.52
520 1.1068 62.50 0.5299 53.13
530 1.5278 46.88 0.6281 55.86
540 1.1706 62.50 0.5898 56.65
550 1.1104 50.00 0.5545 54.90
560 1.6198 40.62 0.5095 52.45
570 1.5310 53.12 0.5467 54.62
580 1.2452 56.25 0.6061 55.56
590 1.3976 50.00 0.5919 54.92
600 0.9945 65.62 0.5103 51.80
610 1.3822 46.88 0.5958 52.13
620 1.2670 53.12 0.4329 53.66
630 1.3842 50.00 0.4739 52.02
640 1.9304 43.75 0.7475 53.30
650 1.3622 46.88 0.4999 50.32
660 1.4697 46.88 0.5930 50.65
670 1.3123 62.50 0.6200 56.94
680 1.1088 68.75 0.4390 57.94
690 1.1110 62.50 0.5091 56.78
700 1.3619 53.12 0.5203 57.24
710 1.2340 62.50 0.6144 58.71
720 1.5064 50.00 0.6120 55.54
730 1.3552 46.88 0.5185 52.32
740 1.1078 59.38 0.5477 50.32
750 0.9639 68.75 0.5429 52.94
760 1.4616 50.00 0.6155 56.86
770 1.2529 59.38 0.5474 58.43
780 1.6656 43.75 0.5804 55.96
790 1.4087 43.75 0.6595 56.79
800 1.2173 56.25 0.4673 55.95
810 1.2379 56.25 0.5695 59.68
820 1.2399 56.25 0.5478 56.10
830 1.0583 71.88 0.5568 55.66
840 1.1162 62.50 0.5533 51.28
850 1.5334 37.50 0.5794 53.84
860 1.2800 50.00 0.4841 55.33
870 1.6476 37.50 0.4867 56.12
880 1.4434 43.75 0.6144 53.60
890 1.3450 59.38 0.4776 55.28
900 2.0132 25.00 0.7410 56.16
910 1.4462 53.12 0.5982 55.66
920 1.5608 53.12 0.6313 54.62
930 1.2945 56.25 0.5920 54.18
940 1.5128 46.88 0.6079 55.21
950 1.4092 53.12 0.7054 54.81
960 1.2013 59.38 0.4328 54.73
970 1.4900 46.88 0.7215 56.51
980 1.2529 59.38 0.5580 54.40
990 1.1373 59.38 0.5269 55.27
1000 1.1932 56.25 0.5146 56.37
1010 1.1484 53.12 0.6265 60.81
1020 1.1860 56.25 0.5646 58.03
1030 1.1871 56.25 0.5545 54.37
1040 1.4578 40.62 0.5290 53.46
1050 1.1771 59.38 0.5399 55.40
1060 1.3477 46.88 0.5331 59.52
1070 1.2724 56.25 0.6450 57.25
1080 1.2770 62.50 0.6535 57.46
1090 1.0653 68.75 0.4664 59.02
1100 1.1199 56.25 0.5946 60.12
1110 1.0941 62.50 0.6221 61.11
1120 1.3138 56.25 0.6691 63.28
1130 0.9197 75.00 0.4443 61.81
1140 1.5184 50.00 0.6515 60.83
1150 1.6492 37.50 0.6183 55.76
1160 1.1270 71.88 0.7436 55.00
1170 1.3443 53.12 0.5077 53.95
1180 1.1556 59.38 0.6078 56.37
1190 1.3178 56.25 0.5869 59.80
1200 1.3250 53.12 0.5692 59.29
1210 1.2020 56.25 0.4857 56.88
1220 1.5214 50.00 0.6454 56.81
1230 1.0807 59.38 0.3956 54.99
1240 1.2808 56.25 0.6396 56.49
1250 1.1968 62.50 0.4357 58.59
1260 1.1741 59.38 0.6852 60.55
1270 1.4550 56.25 0.7324 60.59
1280 1.0832 65.62 0.4727 55.47
1290 1.2360 53.12 0.5613 55.68
1300 1.8801 43.75 0.5367 58.90
1310 1.0580 65.62 0.5475 59.75
1320 1.6547 46.88 0.6556 62.38
1330 1.0441 59.38 0.4806 59.64
1340 1.1847 56.25 0.6537 59.01
1350 1.3450 53.12 0.5814 59.57
1360 1.3888 50.00 0.7195 57.80
1370 1.0172 65.62 0.5261 58.79
1380 1.1722 65.62 0.5345 60.60
1390 1.2201 53.12 0.4929 57.40
1400 0.9962 62.50 0.3634 60.13
1410 1.0822 62.50 0.4596 59.24
1420 1.6179 37.50 0.6580 60.42
1430 0.8424 71.88 0.5141 62.94
1440 1.2533 59.38 0.4863 59.33
1450 1.2464 59.38 0.5562 58.17
1460 1.0409 65.62 0.4792 57.42
1470 1.3320 56.25 0.5216 59.06
1480 1.1668 59.38 0.6157 59.08
1490 0.9757 68.75 0.6807 58.11
1500 1.0557 59.38 0.5673 57.91
1510 0.9242 71.88 0.4967 59.95
1520 0.8912 65.62 0.5229 61.51
1530 1.1046 65.62 0.5686 61.28
1540 1.4111 56.25 0.5765 60.48
1550 1.0573 65.62 0.5051 62.13
1560 1.0218 65.62 0.4930 63.10
1570 1.0405 65.62 0.5966 57.23
1580 1.6410 40.62 0.7215 60.58
1590 0.9691 71.88 0.5304 56.02
1600 1.4748 43.75 0.5799 57.60
1610 1.0029 59.38 0.4864 58.52
1620 0.8980 75.00 0.5033 57.97
1630 1.1002 56.25 0.6127 58.25
1640 1.2503 56.25 0.5002 58.02
1650 1.1672 62.50 0.5812 58.00
1660 1.1176 59.38 0.4470 59.61
1670 1.5897 40.62 0.6490 59.10
1680 1.4781 46.88 0.6353 58.41
1690 1.2051 56.25 0.5312 58.94
1700 1.2356 59.38 0.5008 58.99
1710 1.4680 50.00 0.6370 58.25
1720 0.9946 71.88 0.5468 58.49
1730 1.3222 59.38 0.5400 60.09
1740 1.5181 43.75 0.4611 59.08
1750 1.1376 65.62 0.3821 57.77
1760 1.4378 53.12 0.4382 56.98
1770 1.3589 56.25 0.5574 59.37
1780 1.0749 59.38 0.5674 58.07
1790 1.4338 46.88 0.5089 58.65
1800 0.9696 62.50 0.5464 57.80
1810 1.3761 53.12 0.4752 58.43
1820 1.0445 68.75 0.5874 59.71
1830 0.9761 68.75 0.4937 61.16
1840 1.0111 65.62 0.4653 59.35
1850 1.2525 50.00 0.3560 54.02
1860 1.4709 40.62 0.6234 55.75
1870 1.2897 56.25 0.5043 53.53
