batch class_loss class_acc conf_loss conf
0 1.4503 50.00 0.5562 65.59
10 0.7553 71.88 0.4776 63.03
20 1.3934 56.25 0.4612 65.00
30 0.8779 68.75 0.4754 60.32
40 0.9129 59.38 0.4300 58.18
50 1.2357 56.25 0.6087 65.73
60 0.9856 68.75 0.3474 67.72
70 0.9581 59.38 0.3915 61.28
80 0.7988 71.88 0.5779 63.59
90 1.4888 43.75 0.5045 60.36
100 0.8499 62.50 0.4603 64.96
110 0.9951 65.62 0.4453 61.91
120 0.9457 62.50 0.3909 59.15
130 1.2170 56.25 0.4744 66.04
140 0.7866 68.75 0.4948 65.75
150 1.1377 62.50 0.5231 63.33
160 1.2000 56.25 0.4568 61.37
170 1.2322 53.12 0.4720 61.45
180 0.9472 62.50 0.6073 63.29
190 1.0959 68.75 0.5834 65.12
200 1.0461 62.50 0.4919 66.40
210 1.2863 56.25 0.5147 60.61
220 1.3176 62.50 0.6105 59.79
230 1.1753 59.38 0.4959 60.95
240 0.8345 65.62 0.5116 68.62
250 0.9306 65.62 0.3773 64.24
260 1.2396 59.38 0.4940 64.45
270 0.9521 65.62 0.4901 59.98
280 1.2507 53.12 0.4336 63.37
290 1.0614 56.25 0.3983 64.43
300 1.0553 71.88 0.6397 64.34
310 0.8011 75.00 0.4663 69.61
320 0.9758 68.75 0.4416 62.63
330 1.1406 62.50 0.4838 65.61
340 0.9199 65.62 0.4595 65.14
350 1.0519 65.62 0.5614 62.73
360 1.3281 46.88 0.6974 65.26
370 1.3058 53.12 0.5246 63.26
380 1.2067 59.38 0.6010 63.20
390 0.6970 81.25 0.4621 63.12
400 0.7769 75.00 0.5307 67.93
410 0.8709 68.75 0.4403 66.72
420 1.3630 50.00 0.6071 69.29
430 0.9593 65.62 0.5089 66.66
440 1.1742 50.00 0.4786 62.24
450 1.4743 53.12 0.4586 58.18
460 0.9226 68.75 0.3767 63.60
470 1.1148 62.50 0.5449 65.01
480 1.6384 40.62 0.6245 62.88
490 1.2698 62.50 0.6167 63.60
500 0.8955 71.88 0.4808 60.69
510 1.0081 68.75 0.3626 63.62
520 1.1546 56.25 0.5141 66.16
530 1.4220 56.25 0.6172 65.76
540 1.0298 62.50 0.4935 64.92
550 1.0074 65.62 0.4706 64.87
560 1.4213 50.00 0.7272 67.84
570 1.0188 59.38 0.4843 69.76
580 0.8848 68.75 0.3963 65.73
590 1.0730 62.50 0.6002 67.65
600 1.0254 71.88 0.4422 57.76
610 1.0745 62.50 0.4053 68.23
620 0.9452 62.50 0.3536 62.62
630 1.1132 59.38 0.4291 61.34
640 1.3242 56.25 0.6229 58.53
650 0.8097 75.00 0.2973 68.15
660 0.9737 59.38 0.4416 65.10
670 0.9944 62.50 0.3605 63.56
680 1.1424 56.25 0.5164 61.28
690 1.3242 50.00 0.7004 63.91
700 0.9320 68.75 0.5180 58.77
710 1.1764 62.50 0.4857 63.98
720 0.9833 65.62 0.5201 67.84
730 1.1470 65.62 0.3912 65.25
740 1.0394 65.62 0.3744 64.95
750 0.9285 62.50 0.2939 65.98
760 0.9005 71.88 0.3368 63.65
770 1.0853 62.50 0.3691 63.54
780 1.2278 50.00 0.7046 61.66
790 1.3752 59.38 0.5737 59.03
800 1.2254 59.38 0.3511 58.33
810 1.2730 53.12 0.4765 60.19
820 0.7898 71.88 0.4515 63.95
830 0.9828 62.50 0.3989 60.56
840 1.5689 43.75 0.5329 58.37
850 1.1046 59.38 0.5677 62.96
860 1.2695 56.25 0.6803 65.05
870 1.1362 53.12 0.6056 65.19
880 0.8089 78.12 0.4610 67.89
890 1.3423 59.38 0.5562 68.59
900 0.9179 68.75 0.3459 60.57
910 1.0963 62.50 0.4961 62.58
920 1.0846 65.62 0.4855 63.95
930 1.0566 68.75 0.4521 63.38
940 0.8017 68.75 0.4879 67.69
950 1.2781 50.00 0.6122 64.06
960 0.7833 75.00 0.4945 60.84
970 0.8048 78.12 0.4792 63.26
980 1.3067 65.62 0.6038 60.18
990 1.0208 65.62 0.4351 64.52
1000 0.8114 62.50 0.4616 64.05
1010 0.8604 68.75 0.4087 64.64
1020 1.2318 56.25 0.4653 63.62
1030 1.1808 56.25 0.3853 63.28
1040 1.1082 56.25 0.5362 63.94
1050 1.5266 43.75 0.5826 61.97
1060 0.9865 56.25 0.4841 65.57
1070 1.1518 56.25 0.4629 64.67
1080 1.1782 56.25 0.5133 68.86
1090 0.8023 71.88 0.3441 65.33
1100 0.8089 68.75 0.3897 63.60
1110 1.1977 50.00 0.5295 60.91
1120 1.3540 56.25 0.6034 63.55
1130 0.9795 62.50 0.5951 64.40
1140 0.9563 65.62 0.4628 59.32
1150 0.9722 65.62 0.5038 63.18
1160 1.0067 65.62 0.3758 64.66
1170 1.2205 56.25 0.5788 66.33
1180 0.9795 68.75 0.4290 63.62
1190 1.1532 68.75 0.5648 65.54
1200 0.9402 68.75 0.5342 66.44
1210 1.1790 59.38 0.5111 65.72
1220 0.5164 87.50 0.5357 64.65
1230 1.1956 59.38 0.5264 65.59
1240 0.9681 65.62 0.4422 67.78
1250 1.5678 46.88 0.6130 65.46
1260 1.1042 62.50 0.4416 57.81
1270 0.9691 65.62 0.3190 61.76
1280 1.1890 50.00 0.5228 62.86
1290 1.2779 62.50 0.5315 68.29
1300 1.0336 59.38 0.3616 65.52
1310 1.1870 59.38 0.3939 63.79
1320 1.0465 62.50 0.4305 58.68
1330 1.0066 62.50 0.5098 63.43
1340 0.9901 62.50 0.4668 65.75
1350 1.0901 62.50 0.4411 67.79
1360 0.9564 68.75 0.5071 63.79
1370 1.0089 62.50 0.6221 69.66
1380 1.0143 59.38 0.5971 65.66
1390 0.9392 68.75 0.4026 66.06
1400 1.2571 59.38 0.5761 65.06
1410 1.2104 53.12 0.5151 62.14
1420 0.8485 68.75 0.4111 62.37
1430 1.0304 65.62 0.4206 65.13
1440 0.9531 65.62 0.5229 67.25
1450 0.8613 65.62 0.4057 64.29
1460 1.0964 56.25 0.3887 59.70
1470 1.1893 71.88 0.5640 63.95
1480 1.0995 75.00 0.5309 65.37
1490 1.8894 43.75 0.8875 64.67
1500 1.1016 59.38 0.3292 63.32
1510 1.1537 59.38 0.5948 63.81
1520 0.7554 81.25 0.4345 64.61
1530 1.3758 53.12 0.7982 66.27
1540 0.9260 65.62 0.3695 63.21
1550 1.3106 59.38 0.6086 65.58
1560 1.0100 62.50 0.4596 64.23
1570 1.1055 56.25 0.4701 60.59
1580 1.1392 65.62 0.4694 59.32
1590 1.1280 59.38 0.5179 64.19
1600 0.9014 62.50 0.3288 61.79
1610 0.5995 78.12 0.4445 66.60
1620 1.1159 65.62 0.5332 63.36
1630 0.9361 65.62 0.4820 64.37
1640 1.1676 59.38 0.5446 68.62
1650 1.0011 56.25 0.5261 62.00
1660 1.4213 50.00 0.5256 64.19
1670 0.9050 68.75 0.3802 65.74
1680 0.8458 75.00 0.3960 64.30
1690 0.9127 62.50 0.3503 62.53
