batch class_loss class_acc conf_loss conf
0 1.1533 65.62 0.6879 62.86
10 1.0403 68.75 0.4595 63.30
20 1.0058 56.25 0.6499 62.95
30 0.9161 78.12 0.5603 62.20
40 0.8963 68.75 0.4624 60.83
50 0.9946 59.38 0.6361 64.70
60 0.9836 75.00 0.4772 65.78
70 1.2921 46.88 0.5600 58.51
80 0.7241 78.12 0.3927 62.84
90 0.7704 78.12 0.5255 61.50
100 0.6781 90.62 0.5280 63.04
110 1.1041 62.50 0.4225 64.76
120 1.1871 56.25 0.5859 64.71
130 1.5031 56.25 0.5798 60.28
140 0.9837 68.75 0.4759 59.31
150 1.0118 65.62 0.5064 63.79
160 1.1744 59.38 0.5775 62.18
170 1.1577 75.00 0.4981 60.11
180 1.0456 65.62 0.5171 64.86
190 1.1647 62.50 0.3716 64.72
200 0.9028 75.00 0.4968 65.13
210 1.2864 65.62 0.5918 65.74
220 1.0456 59.38 0.3669 60.24
230 1.3044 50.00 0.5031 59.19
240 1.0925 68.75 0.5143 58.58
250 1.2144 56.25 0.4494 63.01
260 1.3381 50.00 0.4578 62.52
270 1.0890 62.50 0.4945 63.47
280 1.2008 62.50 0.4740 64.55
290 1.4279 56.25 0.6738 65.53
300 1.3381 56.25 0.5836 62.24
310 1.1451 65.62 0.4805 56.57
320 1.1590 62.50 0.6040 57.97
330 0.9552 68.75 0.4280 61.69
340 0.9878 68.75 0.6103 62.62
350 1.3110 50.00 0.6853 61.93
360 0.9022 65.62 0.5409 64.68
370 1.1276 62.50 0.4566 62.38
380 0.9106 71.88 0.5676 62.60
390 0.7949 78.12 0.4705 62.03
400 1.1876 56.25 0.5130 61.57
410 1.4287 53.12 0.4851 63.18
420 1.2251 59.38 0.5207 58.82
430 1.0944 62.50 0.4522 60.41
440 1.1129 53.12 0.4238 59.74
450 0.9112 71.88 0.3705 64.97
460 1.7374 40.62 0.6253 63.22
470 1.0347 71.88 0.4712 60.66
480 1.1529 62.50 0.6256 60.13
490 0.6813 84.38 0.5121 60.98
500 1.0883 50.00 0.4050 63.23
510 1.4346 46.88 0.6682 63.96
520 0.9632 68.75 0.5716 60.40
530 1.1894 53.12 0.4917 60.46
540 1.2350 65.62 0.4050 63.30
550 1.1382 59.38 0.5466 62.52
560 1.4540 56.25 0.6470 62.28
570 1.0237 65.62 0.5156 55.37
580 1.4761 53.12 0.6120 56.93
590 0.9679 71.88 0.5590 60.08
600 0.8842 78.12 0.5472 62.76
610 1.0182 65.62 0.5589 63.66
620 1.0409 71.88 0.5462 65.81
630 1.2771 59.38 0.5153 63.38
640 1.4432 62.50 0.5552 65.44
650 1.0237 59.38 0.3973 62.31
660 1.3415 50.00 0.6894 63.50
670 0.8075 78.12 0.4966 65.42
680 1.1103 59.38 0.4218 59.25
690 0.7841 65.62 0.3895 60.72
700 1.1033 56.25 0.3651 56.86
710 0.8810 68.75 0.5391 64.77
720 1.3752 50.00 0.5942 60.70
730 0.9900 56.25 0.4253 62.42
740 1.0229 62.50 0.3323 59.99
750 0.9328 68.75 0.4353 60.18
760 0.8942 71.88 0.3788 60.72
770 1.0999 68.75 0.5152 61.47
780 1.1961 65.62 0.6380 59.32
790 0.8537 75.00 0.4635 62.48
800 1.5171 37.50 0.4737 57.73
810 0.8928 68.75 0.3688 60.85
820 0.9868 65.62 0.4092 63.56
830 1.1762 59.38 0.6274 61.55
840 1.5816 43.75 0.7299 58.21
850 0.8103 78.12 0.5180 57.53
860 1.2206 53.12 0.5140 63.80
870 1.2784 62.50 0.3726 61.80
880 1.1411 59.38 0.4012 61.56
890 0.9642 65.62 0.3989 60.73
900 1.0959 62.50 0.6282 62.79
910 1.0034 62.50 0.5510 59.99
920 0.9375 62.50 0.4277 62.12
930 1.4701 53.12 0.4930 59.63
940 1.2151 56.25 0.5715 58.89
950 0.9861 65.62 0.4338 61.09
960 1.3155 46.88 0.4108 61.41
970 0.7598 71.88 0.5345 65.75
980 0.8006 75.00 0.4258 63.45
990 1.5238 53.12 0.5143 62.31
1000 1.0797 65.62 0.5386 62.19
1010 1.0198 68.75 0.6101 62.63
1020 0.8151 78.12 0.4560 62.98
1030 1.0112 71.88 0.5169 59.49
1040 0.7271 84.38 0.4433 67.34
1050 0.9440 62.50 0.3520 62.14
1060 1.3475 56.25 0.5019 58.39
1070 1.1533 65.62 0.4839 55.92
1080 1.0048 65.62 0.4073 59.83
1090 0.9295 71.88 0.6446 61.48
1100 1.2559 62.50 0.4318 61.63
1110 1.1058 71.88 0.5346 62.43
1120 1.0390 62.50 0.4378 63.14
1130 1.1575 62.50 0.4841 62.59
1140 1.4859 40.62 0.6842 67.01
1150 1.1833 59.38 0.4668 62.78
1160 0.8868 65.62 0.4285 61.07
1170 1.3172 59.38 0.4675 62.64
1180 1.4037 40.62 0.5553 60.99
1190 1.1947 68.75 0.5468 59.62
1200 1.2886 53.12 0.5150 59.53
1210 0.8054 81.25 0.5001 57.31
1220 1.1971 62.50 0.4763 59.32
1230 1.0775 59.38 0.3683 61.41
1240 1.1862 68.75 0.5283 67.34
1250 0.9696 68.75 0.4398 61.44
1260 1.0292 59.38 0.4029 62.08
1270 1.0027 59.38 0.5802 59.94
1280 1.0953 65.62 0.5672 60.16
1290 1.2472 59.38 0.4783 62.85
1300 1.2777 53.12 0.3942 62.68
1310 0.7536 78.12 0.4912 65.25
1320 1.2650 56.25 0.4741 63.84
1330 0.9289 68.75 0.5162 62.36
1340 1.1940 56.25 0.3516 59.45
1350 1.0397 62.50 0.5063 56.77
1360 0.5760 84.38 0.3955 63.42
1370 1.0668 62.50 0.5932 62.52
1380 1.1773 53.12 0.5099 59.10
1390 1.1097 56.25 0.3532 59.78
1400 1.2219 43.75 0.4345 59.20
1410 0.9921 68.75 0.5020 62.16
1420 1.3966 53.12 0.5913 62.25
1430 1.3503 56.25 0.6236 61.48
1440 0.9921 59.38 0.4238 56.55
1450 1.2090 53.12 0.5166 59.82
1460 1.3812 53.12 0.5718 60.34
1470 0.7697 75.00 0.4309 63.07
1480 1.3804 43.75 0.4759 60.86
1490 1.3328 50.00 0.4421 63.70
1500 1.2544 59.38 0.5052 57.50
1510 1.3131 53.12 0.4648 58.81
1520 0.8886 68.75 0.3765 61.49
1530 1.0604 59.38 0.4725 61.40
1540 1.0517 59.38 0.4938 60.75
1550 0.8387 68.75 0.4563 60.94
1560 1.3549 50.00 0.4049 56.92
1570 1.3133 62.50 0.4909 61.19
1580 1.2743 59.38 0.5746 62.12
1590 1.0497 68.75 0.4776 64.98
1600 1.0014 62.50 0.5034 62.45
1610 1.3919 53.12 0.5226 62.52
1620 1.1355 62.50 0.5609 60.85
1630 0.9250 78.12 0.4390 62.62
1640 0.8991 78.12 0.5092 64.12
1650 0.7868 75.00 0.4307 61.69
1660 0.6887 75.00 0.3882 67.67
1670 0.8591 68.75 0.4017 62.38
1680 1.2077 56.25 0.3741 60.14
1690 1.2900 43.75 0.5864 60.52
1700 0.8699 71.88 0.5658 61.00
1710 1.0287 62.50 0.4806 58.45
1720 0.9967 62.50 0.4742 57.74
1730 1.4273 56.25 0.6665 60.28
1740 1.1610 59.38 0.4990 58.87
1750 1.1662 62.50 0.3784 59.99
1760 0.9779 65.62 0.5923 60.64
1770 1.2145 56.25 0.6253 62.51
1780 1.0282 68.75 0.5450 58.97
1790 1.2792 50.00 0.4229 64.55
1800 1.0860 59.38 0.4139 62.50
1810 1.1478 59.38 0.5095 59.47
1820 1.1379 65.62 0.5254 60.63
1830 1.6239 43.75 0.5012 63.54
1840 1.1827 62.50 0.4381 62.81
1850 0.9619 62.50 0.6388 62.91
1860 1.5631 46.88 0.5793 60.10
1870 1.1334 62.50 0.3441 59.48
