batch class_loss class_acc conf_loss conf
0 1.6463 46.88 0.4603 62.47
10 1.2122 53.12 0.6345 62.15
20 1.0832 65.62 0.4178 59.59
30 0.8680 71.88 0.5804 63.49
40 1.1938 53.12 0.5240 63.28
50 1.1783 62.50 0.5901 58.42
60 1.2963 59.38 0.4435 61.27
70 1.5379 46.88 0.6489 65.62
80 1.3197 59.38 0.4768 66.07
90 0.6722 78.12 0.5502 67.18
100 0.8606 71.88 0.4390 63.36
110 1.1815 50.00 0.4837 60.12
120 1.4001 50.00 0.4996 59.47
130 1.2857 53.12 0.4930 59.39
140 1.1856 65.62 0.4768 61.16
150 0.9833 62.50 0.4627 59.30
160 1.2682 53.12 0.3468 61.29
170 0.9807 68.75 0.3157 64.98
180 1.0775 65.62 0.4447 59.93
190 1.0411 65.62 0.5952 63.40
200 0.9231 75.00 0.4698 63.94
210 1.4476 43.75 0.6800 63.87
220 1.5234 50.00 0.5426 57.50
230 0.8495 71.88 0.3946 60.99
240 1.2664 65.62 0.5145 67.17
250 0.8697 75.00 0.3748 67.56
260 0.9263 68.75 0.4925 66.21
270 0.9702 71.88 0.5034 65.47
280 0.8662 68.75 0.3981 63.63
290 1.1118 50.00 0.5194 60.73
300 1.1535 56.25 0.4957 58.61
310 0.9685 75.00 0.4428 62.96
320 1.3880 53.12 0.4456 59.17
330 1.0883 62.50 0.5976 66.50
340 0.8215 71.88 0.2776 65.21
350 0.9699 68.75 0.5598 56.89
360 0.9792 59.38 0.3661 62.47
370 1.2010 62.50 0.4769 61.18
380 1.0277 65.62 0.4323 61.45
390 0.9935 65.62 0.4741 62.97
400 1.4721 50.00 0.6361 65.20
410 1.1156 65.62 0.4968 60.50
420 0.9646 62.50 0.4233 63.51
430 1.3109 59.38 0.5796 60.71
440 1.2375 62.50 0.5399 63.52
450 1.0581 65.62 0.5331 57.70
460 1.0277 68.75 0.5193 63.19
470 1.3495 50.00 0.6536 61.02
480 1.1762 56.25 0.4524 61.19
490 1.0830 59.38 0.4382 55.89
500 1.3250 50.00 0.4284 59.19
510 1.3735 46.88 0.4901 59.05
520 1.0716 62.50 0.4456 56.21
530 1.0443 68.75 0.5270 62.00
540 1.2585 62.50 0.5834 62.88
550 1.2432 56.25 0.5513 59.23
560 1.1407 59.38 0.4691 64.01
570 1.3662 53.12 0.6424 59.47
580 0.9022 65.62 0.5476 61.87
590 0.9400 71.88 0.4276 64.84
600 0.9911 68.75 0.4840 62.64
610 1.0313 65.62 0.4748 60.63
620 1.0310 65.62 0.4094 56.96
630 0.9072 78.12 0.5097 65.65
640 0.7986 75.00 0.4099 65.19
650 0.8491 68.75 0.4223 59.58
660 0.9597 68.75 0.4663 65.13
670 1.1307 62.50 0.3435 65.72
680 1.1852 46.88 0.4876 65.43
690 1.3399 59.38 0.5354 65.88
700 0.9775 68.75 0.4163 59.59
710 0.8508 65.62 0.3818 61.33
720 1.0538 59.38 0.2678 64.48
730 1.4407 46.88 0.4773 60.03
740 1.0515 65.62 0.4754 61.70
750 1.3360 46.88 0.8465 60.38
760 0.9246 68.75 0.5264 62.14
770 1.0710 62.50 0.5383 61.28
780 1.3632 56.25 0.4478 57.49
790 1.0963 56.25 0.5595 58.61
800 1.2322 56.25 0.4928 58.17
810 1.2547 59.38 0.5429 66.31
820 1.2816 59.38 0.5416 65.06
830 0.9494 65.62 0.3185 62.82
840 1.0113 62.50 0.3275 63.01
850 1.1976 59.38 0.4754 62.05
860 0.8867 75.00 0.5047 63.00
870 0.9037 65.62 0.3938 64.17
880 1.0766 65.62 0.3680 60.90
890 0.8298 84.38 0.4402 66.19
900 1.3930 53.12 0.4711 64.11
910 1.2561 56.25 0.3887 58.84
920 0.7987 75.00 0.4085 59.85
930 1.2356 59.38 0.6412 60.35
940 1.0348 68.75 0.5364 64.09
950 1.0794 65.62 0.4855 64.23
960 1.3201 56.25 0.4765 67.65
970 1.3218 56.25 0.4712 67.07
980 1.3709 56.25 0.5699 58.41
990 1.2961 53.12 0.4962 61.20
1000 0.8990 71.88 0.3911 64.23
1010 0.9789 75.00 0.4379 63.49
1020 0.9540 65.62 0.5589 66.66
1030 1.3172 59.38 0.5581 64.85
1040 1.3289 53.12 0.4278 60.38
1050 1.1934 62.50 0.5982 61.22
1060 1.0346 62.50 0.4929 56.97
1070 0.8787 68.75 0.4122 62.93
1080 1.0460 59.38 0.4143 62.66
1090 1.2643 62.50 0.4753 64.31
1100 1.1176 59.38 0.6150 61.02
1110 1.3142 68.75 0.5231 60.02
1120 1.2713 53.12 0.6134 62.93
1130 1.6231 50.00 0.5627 58.57
1140 1.0294 68.75 0.5228 58.93
1150 0.9698 81.25 0.5498 61.18
1160 1.4616 53.12 0.6201 67.28
1170 0.8549 75.00 0.4275 62.09
1180 1.0891 65.62 0.4845 62.25
1190 1.1348 62.50 0.5221 66.53
1200 0.8885 71.88 0.4654 61.01
1210 0.9557 65.62 0.3859 61.42
1220 0.9213 75.00 0.4609 64.27
1230 1.0553 68.75 0.7214 65.59
1240 1.0640 68.75 0.4962 65.27
1250 1.1405 68.75 0.5027 63.63
1260 0.9055 75.00 0.4131 63.58
1270 1.4496 53.12 0.6357 63.11
1280 1.0213 68.75 0.4874 63.89
1290 1.0899 68.75 0.4926 62.92
1300 0.8244 71.88 0.5641 64.50
1310 0.9027 71.88 0.5114 61.96
1320 1.2769 62.50 0.5935 65.18
1330 1.0432 68.75 0.5346 67.68
1340 1.0253 65.62 0.5931 65.18
1350 1.2888 53.12 0.5094 63.38
1360 1.0332 59.38 0.3425 60.89
1370 1.0214 65.62 0.6410 64.63
1380 1.2564 56.25 0.3783 59.76
1390 0.9770 62.50 0.5516 64.41
1400 1.1558 71.88 0.5940 62.23
1410 1.2041 46.88 0.6508 64.05
1420 1.2032 56.25 0.5903 63.14
1430 0.7363 71.88 0.3745 67.10
1440 1.1598 59.38 0.4540 69.42
1450 1.4222 50.00 0.5534 63.65
1460 0.6683 68.75 0.4413 62.85
1470 0.9575 71.88 0.5360 61.78
1480 1.0425 71.88 0.3467 63.04
1490 0.9523 71.88 0.4725 69.55
1500 0.9547 65.62 0.5070 65.39
1510 1.1182 71.88 0.5218 65.03
1520 1.1160 62.50 0.4615 63.39
1530 1.1391 56.25 0.5169 63.45
1540 0.9565 65.62 0.4074 66.96
1550 0.9528 71.88 0.4478 62.93
1560 1.1594 62.50 0.4201 62.09
1570 0.8689 71.88 0.4561 61.49
1580 0.9004 65.62 0.4693 63.83
1590 1.1779 53.12 0.4553 65.91
1600 0.9481 68.75 0.3932 61.49
1610 1.1116 53.12 0.4215 60.65
1620 1.5374 40.62 0.7384 61.36
1630 1.0710 71.88 0.4892 62.00
1640 1.2472 59.38 0.6165 59.72
1650 1.0569 62.50 0.4507 61.22
1660 0.9997 65.62 0.5850 63.07
1670 0.9420 62.50 0.5199 63.99
1680 1.0281 68.75 0.4284 62.11
1690 1.0368 53.12 0.4052 61.46
1700 0.9721 71.88 0.4303 61.16
1710 1.5174 53.12 0.6822 67.23
1720 1.2611 56.25 0.4581 61.71
1730 1.1160 59.38 0.4330 68.30
1740 1.0669 65.62 0.5455 63.91
1750 1.1798 62.50 0.5662 64.77
1760 1.2359 56.25 0.5213 59.52
1770 1.1617 53.12 0.6340 59.58
1780 1.2501 59.38 0.5548 60.47
1790 0.9240 71.88 0.5183 56.50
1800 1.2192 65.62 0.6894 60.37
1810 0.8749 65.62 0.3904 62.93
1820 1.4881 53.12 0.5752 64.55
1830 1.6602 46.88 0.6035 62.92
1840 1.0418 68.75 0.4258 61.48
1850 1.1822 68.75 0.5857 61.22
1860 1.6343 50.00 0.5329 61.23
1870 1.1171 65.62 0.4719 63.18
