batch class_loss class_acc conf_loss conf
0 0.8546 71.88 0.3771 65.42
10 0.7800 75.00 0.4844 66.70
20 0.9559 65.62 0.3855 60.20
30 0.8950 71.88 0.4888 63.85
40 1.1478 62.50 0.5016 61.64
50 1.2274 59.38 0.4493 61.12
60 1.1291 68.75 0.4997 61.35
70 1.0385 68.75 0.5123 59.67
80 1.5796 40.62 0.5806 59.02
90 1.0462 62.50 0.7145 62.71
100 1.1962 56.25 0.5448 58.82
110 1.1140 56.25 0.3369 60.02
120 1.2055 56.25 0.4442 60.77
130 0.7634 78.12 0.4161 65.53
140 1.4292 46.88 0.5809 62.14
150 0.9585 65.62 0.4806 62.77
160 1.4638 59.38 0.6339 63.30
170 0.9334 65.62 0.3961 62.17
180 1.2926 46.88 0.5656 64.51
190 1.0146 68.75 0.4341 64.32
200 0.9354 68.75 0.4716 59.40
210 0.9717 65.62 0.3927 55.48
220 0.8534 78.12 0.5474 61.15
230 1.1446 56.25 0.6612 63.61
240 1.3910 50.00 0.7161 60.64
250 0.9377 75.00 0.5655 59.23
260 1.0194 62.50 0.5691 62.03
270 1.7068 43.75 0.5782 62.75
280 1.3177 56.25 0.6465 59.80
290 0.7708 75.00 0.4510 66.42
300 0.5977 78.12 0.4551 62.94
310 1.1573 56.25 0.3627 58.39
320 1.2443 62.50 0.6175 60.93
330 0.9076 71.88 0.4049 58.91
340 0.8566 68.75 0.4043 62.78
350 1.1355 59.38 0.3994 61.52
360 1.0169 68.75 0.4360 63.77
370 0.9046 68.75 0.3846 63.35
380 1.7247 50.00 0.6989 63.25
390 0.9503 65.62 0.4948 59.41
400 1.1220 68.75 0.4837 57.87
410 1.0084 71.88 0.5063 62.35
420 1.1294 53.12 0.5748 64.63
430 0.9675 62.50 0.5089 64.70
440 1.0508 68.75 0.5861 64.21
450 0.9275 68.75 0.3708 61.17
460 1.0848 59.38 0.4608 61.49
470 1.1342 59.38 0.5088 58.18
480 1.4404 43.75 0.5139 58.62
490 1.4456 46.88 0.5595 61.22
500 1.2269 56.25 0.4942 58.73
510 1.2867 62.50 0.4777 60.03
520 1.1040 65.62 0.4997 60.36
530 1.1158 68.75 0.5457 60.83
540 0.7768 78.12 0.5663 64.86
550 0.8662 71.88 0.4389 62.61
560 0.9486 65.62 0.3002 67.55
570 1.2618 59.38 0.6180 65.39
580 1.0335 59.38 0.4524 65.54
590 0.8392 65.62 0.5328 62.71
600 1.1158 62.50 0.5355 58.98
610 1.1998 53.12 0.5834 60.81
620 1.0493 65.62 0.5375 63.81
630 0.8704 71.88 0.4951 63.64
640 1.5287 43.75 0.7089 64.86
650 1.2476 59.38 0.4984 60.45
660 1.0511 56.25 0.4232 61.02
670 1.0299 62.50 0.5017 56.99
680 1.2547 56.25 0.5834 61.24
690 1.1641 65.62 0.5999 62.60
700 0.9903 65.62 0.3931 58.79
710 1.0165 62.50 0.4539 61.96
720 1.2037 46.88 0.4919 60.06
730 0.7243 78.12 0.4683 65.21
740 1.0518 65.62 0.3463 67.00
750 0.8685 65.62 0.3632 62.64
760 0.6991 71.88 0.4851 59.23
770 1.2821 53.12 0.5033 59.75
780 1.2528 59.38 0.5548 60.99
790 1.0963 62.50 0.4157 59.66
800 1.1758 68.75 0.5616 59.65
810 1.6905 50.00 0.4454 57.60
820 1.1785 62.50 0.5530 58.55
830 1.3823 53.12 0.4908 59.37
840 1.1715 56.25 0.4828 59.74
850 1.0925 65.62 0.5654 57.13
860 0.8947 59.38 0.4760 59.74
870 1.1037 75.00 0.5781 60.68
880 1.3289 43.75 0.5599 60.08
890 1.2153 62.50 0.7031 63.61
900 0.8552 71.88 0.5322 68.52
910 0.9096 65.62 0.4582 64.57
920 1.1606 53.12 0.5737 61.81
930 0.8615 75.00 0.3856 59.16
940 0.9383 71.88 0.4248 63.26
950 1.2445 56.25 0.5122 63.43
960 1.2342 56.25 0.5142 66.48
970 1.5572 59.38 0.7434 59.55
980 1.0763 65.62 0.4686 58.17
990 0.8383 78.12 0.3714 65.40
1000 1.1925 62.50 0.5371 60.29
1010 1.3065 56.25 0.5198 61.71
1020 1.2823 59.38 0.5552 63.46
1030 0.9974 65.62 0.4483 64.38
1040 1.1880 65.62 0.5084 64.30
1050 1.1933 56.25 0.4365 59.18
1060 1.5012 53.12 0.5915 58.52
1070 1.1998 53.12 0.4709 59.87
1080 1.3723 50.00 0.5125 60.58
1090 1.2767 53.12 0.5242 61.30
1100 0.7562 78.12 0.3401 62.45
1110 1.2063 59.38 0.3900 66.15
1120 1.0567 56.25 0.3565 60.27
1130 1.4204 40.62 0.7788 63.29
1140 1.4192 62.50 0.5634 60.22
1150 1.2936 46.88 0.4416 58.67
1160 1.1748 62.50 0.6119 63.62
1170 0.7623 71.88 0.4118 61.92
1180 1.0476 56.25 0.5345 63.58
1190 1.4900 40.62 0.6337 64.38
1200 1.3614 59.38 0.5541 65.23
1210 1.0152 65.62 0.4048 63.93
1220 1.1449 56.25 0.4602 62.95
1230 1.3644 56.25 0.3313 60.37
1240 1.2918 56.25 0.4757 61.33
1250 0.9516 65.62 0.4784 58.98
1260 1.1968 59.38 0.4796 65.73
1270 1.1913 59.38 0.6778 59.10
1280 1.0629 65.62 0.5692 66.49
1290 1.0956 56.25 0.5184 61.34
1300 0.7516 75.00 0.4495 62.73
1310 1.0758 71.88 0.3873 61.86
1320 1.0334 62.50 0.4657 61.23
1330 1.2713 59.38 0.4906 64.46
1340 1.5288 53.12 0.5506 61.03
1350 1.1155 59.38 0.4373 63.11
1360 1.0657 62.50 0.5046 63.96
1370 1.4844 46.88 0.5472 62.05
1380 1.4117 56.25 0.5620 60.43
1390 1.1430 62.50 0.4739 62.75
1400 0.8101 65.62 0.4213 65.65
1410 1.1362 65.62 0.5012 63.02
1420 1.1490 56.25 0.4376 63.61
1430 0.9772 59.38 0.4450 65.47
1440 1.1259 56.25 0.4956 63.12
1450 0.9962 71.88 0.4591 64.07
1460 0.6636 84.38 0.4101 71.01
1470 1.3220 56.25 0.4523 64.55
1480 1.3350 62.50 0.5796 64.35
1490 1.3935 53.12 0.4998 61.25
1500 0.9611 71.88 0.5821 59.50
1510 1.2929 65.62 0.6113 64.38
1520 1.0003 65.62 0.4176 62.24
1530 1.0408 71.88 0.4205 63.67
1540 1.8793 40.62 0.6717 59.23
1550 0.9551 71.88 0.5184 62.62
1560 0.8547 68.75 0.5148 61.08
1570 1.1910 59.38 0.6233 61.67
1580 1.3779 53.12 0.6104 59.04
1590 1.1512 62.50 0.5154 62.45
1600 1.0149 62.50 0.4244 61.00
1610 0.9065 71.88 0.3733 63.85
1620 1.3358 46.88 0.5551 65.16
1630 1.6471 40.62 0.7123 63.77
1640 1.0316 78.12 0.6559 62.08
1650 1.0462 59.38 0.5254 61.99
1660 1.3305 56.25 0.6222 61.72
1670 1.4375 56.25 0.5851 61.40
1680 1.3357 46.88 0.5707 61.39
1690 1.0687 62.50 0.4672 65.68
1700 1.1981 59.38 0.4910 62.85
1710 0.9481 59.38 0.3483 64.36
1720 0.9274 71.88 0.4629 63.11
1730 1.3496 59.38 0.6807 64.00
1740 0.9570 62.50 0.5502 60.83
1750 0.9695 68.75 0.5109 57.45
1760 1.1883 62.50 0.5410 62.16
1770 0.8112 71.88 0.3818 69.52
1780 0.9310 65.62 0.5555 67.32
1790 1.0739 68.75 0.4822 66.74
1800 1.3376 53.12 0.3948 60.68
1810 0.9003 65.62 0.3975 62.55
1820 1.0972 65.62 0.4666 58.66
1830 0.9826 59.38 0.4684 58.82
1840 1.1789 65.62 0.4133 63.82
1850 1.2878 50.00 0.5565 64.17
1860 1.1776 56.25 0.4543 58.87
1870 1.2603 62.50 0.3825 59.90
