batch class_loss class_acc conf_loss conf
0 1.3915 56.25 0.4517 59.24
10 1.1711 59.38 0.6712 64.91
20 1.1911 56.25 0.3612 58.73
30 1.1073 59.38 0.6247 58.10
40 0.9993 65.62 0.3832 62.32
50 1.4268 59.38 0.6744 60.93
60 1.1815 56.25 0.5245 61.51
70 1.5760 53.12 0.6545 61.36
80 1.1077 65.62 0.5714 62.34
90 1.3209 53.12 0.5703 63.95
100 1.3055 59.38 0.6136 63.43
110 1.0381 62.50 0.4385 60.24
120 0.9919 65.62 0.4556 58.31
130 1.0889 62.50 0.5381 58.70
140 0.9059 59.38 0.4951 68.01
150 1.1816 59.38 0.5927 68.68
160 0.9200 68.75 0.4074 61.85
170 1.4041 56.25 0.5963 65.02
180 1.1344 59.38 0.4475 61.57
190 1.0405 62.50 0.5296 59.83
200 1.0233 59.38 0.5122 64.45
210 1.1592 62.50 0.4543 60.30
220 1.4586 53.12 0.4713 62.74
230 1.0051 62.50 0.5401 60.60
240 1.2951 62.50 0.5378 58.15
250 1.1599 56.25 0.4986 61.42
260 0.9998 68.75 0.4769 62.14
270 1.4272 46.88 0.5376 61.89
280 1.2404 53.12 0.4494 58.77
290 1.0630 65.62 0.4360 62.37
300 1.3570 46.88 0.5523 60.42
310 0.9211 75.00 0.4713 62.81
320 1.1422 59.38 0.4582 64.84
330 1.0046 75.00 0.4810 64.92
340 1.0393 62.50 0.2904 59.64
350 0.9271 62.50 0.3303 64.27
360 0.9266 68.75 0.4069 66.44
370 0.8649 78.12 0.3871 65.01
380 1.0146 59.38 0.4740 61.99
390 0.9846 68.75 0.3836 65.37
400 1.1452 53.12 0.6947 65.98
410 1.2884 56.25 0.6379 65.64
420 0.9665 65.62 0.4462 61.34
430 1.1868 65.62 0.6074 66.07
440 1.4391 56.25 0.6364 64.82
450 1.0734 59.38 0.3429 65.64
460 1.1799 59.38 0.4232 61.78
470 1.1414 59.38 0.6585 62.08
480 1.3578 59.38 0.5083 60.18
490 1.3364 50.00 0.5043 60.02
500 0.8091 75.00 0.3295 63.79
510 1.1942 62.50 0.4831 61.22
520 1.2250 59.38 0.3549 63.09
530 1.0456 65.62 0.7081 61.10
540 1.6087 50.00 0.5630 63.67
550 0.7863 75.00 0.3779 62.62
560 0.8844 62.50 0.3619 62.24
570 0.8860 71.88 0.3704 62.58
580 1.0508 65.62 0.5359 57.78
590 1.1180 65.62 0.4243 59.17
600 1.2173 56.25 0.6035 58.13
610 0.9890 65.62 0.4595 62.50
620 1.2655 40.62 0.6205 63.45
630 0.9650 68.75 0.4881 65.33
640 1.1781 65.62 0.4109 64.32
650 1.0565 59.38 0.5835 66.23
660 1.2138 50.00 0.5672 63.40
670 1.1034 62.50 0.4069 60.11
680 0.8590 71.88 0.4711 60.56
690 0.9661 71.88 0.3889 64.53
700 0.8627 62.50 0.5191 65.38
710 1.0116 59.38 0.5038 65.20
720 1.0884 65.62 0.6071 59.31
730 1.0758 68.75 0.5509 61.23
740 0.7844 71.88 0.3284 64.76
750 1.4171 53.12 0.6390 69.25
760 1.1420 62.50 0.4622 62.62
770 1.3861 50.00 0.5159 62.35
780 1.0073 62.50 0.4735 64.05
790 0.9705 62.50 0.3616 66.48
800 1.0224 71.88 0.4261 60.57
810 1.0900 56.25 0.5204 60.56
820 0.8778 71.88 0.5543 53.05
830 1.3401 62.50 0.5291 64.56
840 1.2502 46.88 0.7099 62.96
850 1.1474 68.75 0.4321 64.19
860 0.8536 68.75 0.3780 64.42
870 1.0117 62.50 0.3546 64.13
880 0.9929 71.88 0.4856 63.44
890 1.3628 53.12 0.5703 67.01
900 1.3167 53.12 0.5393 58.93
910 1.3072 56.25 0.4578 58.70
920 0.9729 68.75 0.5245 56.02
930 1.0197 68.75 0.3694 61.65
940 1.4026 50.00 0.6601 68.69
950 1.1687 59.38 0.5374 59.26
960 1.2390 62.50 0.4171 64.05
970 1.0599 62.50 0.4284 61.41
980 1.3668 50.00 0.5903 59.67
990 1.0207 75.00 0.4393 61.06
1000 1.2148 50.00 0.6050 61.32
1010 1.0906 65.62 0.5659 64.78
1020 1.0948 56.25 0.4118 64.38
1030 1.2758 50.00 0.6469 60.43
1040 0.8933 68.75 0.4517 59.59
1050 0.9114 78.12 0.4301 60.67
1060 1.4655 40.62 0.5470 61.32
1070 1.1811 56.25 0.5139 59.18
1080 1.1503 56.25 0.3756 58.80
1090 1.0221 62.50 0.4412 67.21
1100 0.9685 62.50 0.4878 66.41
1110 0.7551 87.50 0.5973 64.57
1120 0.8707 68.75 0.4575 66.41
1130 0.8187 75.00 0.3883 63.88
1140 0.7999 75.00 0.3557 65.44
1150 1.1364 62.50 0.4328 63.31
1160 1.1697 59.38 0.6727 62.96
1170 1.2735 59.38 0.6114 67.47
1180 0.6871 81.25 0.4998 61.36
1190 1.2803 53.12 0.5599 66.21
1200 1.2057 65.62 0.4660 64.18
1210 1.2933 59.38 0.5829 59.55
1220 1.1817 53.12 0.3729 62.54
1230 1.2156 53.12 0.5164 61.94
1240 0.7151 75.00 0.4920 64.48
1250 0.9873 62.50 0.5937 62.63
1260 0.8516 62.50 0.4065 64.05
1270 1.2790 62.50 0.4728 62.67
1280 1.0010 62.50 0.5279 64.58
1290 1.3021 53.12 0.4870 61.24
1300 0.7920 68.75 0.4725 66.08
1310 0.7863 75.00 0.4578 65.65
1320 1.3218 53.12 0.5496 63.60
1330 0.7177 68.75 0.3847 65.84
1340 1.1986 50.00 0.5028 66.11
1350 1.1761 59.38 0.3706 59.52
1360 1.0088 62.50 0.5044 60.24
1370 1.2679 65.62 0.4777 63.03
1380 0.8635 71.88 0.4073 61.66
1390 1.1858 59.38 0.4503 61.35
1400 1.2525 56.25 0.6949 66.81
1410 1.0571 65.62 0.5199 61.79
1420 1.3473 53.12 0.4941 62.08
1430 0.8977 65.62 0.4821 62.57
1440 1.1722 62.50 0.5246 61.76
1450 1.3234 56.25 0.4672 62.24
1460 0.8630 62.50 0.4262 61.32
1470 1.3206 56.25 0.5432 61.26
1480 1.3122 56.25 0.4635 63.23
1490 0.7893 84.38 0.4839 58.70
1500 0.9128 71.88 0.4607 59.44
1510 1.0386 56.25 0.3304 59.93
1520 1.1607 50.00 0.4384 64.13
1530 1.0026 71.88 0.4603 67.70
1540 0.9494 75.00 0.4079 62.85
1550 0.8007 71.88 0.4538 66.57
1560 0.9098 65.62 0.3910 64.32
1570 1.1011 59.38 0.5278 63.62
1580 1.1002 65.62 0.4893 59.19
1590 0.9733 65.62 0.3613 64.98
1600 0.9037 71.88 0.4352 63.52
1610 1.1643 56.25 0.3958 62.62
1620 1.1451 62.50 0.5657 61.25
1630 1.0432 53.12 0.4994 61.33
1640 0.9619 62.50 0.3201 63.86
1650 1.2847 50.00 0.4846 56.07
1660 1.1408 62.50 0.5575 61.13
1670 1.3101 43.75 0.4954 57.14
1680 1.3802 59.38 0.5870 59.98
1690 1.1504 56.25 0.6137 63.80
1700 1.3427 56.25 0.5385 61.27
1710 1.2271 53.12 0.5564 59.62
1720 1.2922 59.38 0.4903 59.58
1730 0.8390 68.75 0.3920 65.90
1740 0.7806 75.00 0.3640 64.06
1750 1.1476 53.12 0.4003 60.55
1760 0.8055 75.00 0.5197 67.22
1770 0.9475 68.75 0.4990 63.80
1780 0.8833 75.00 0.4837 65.93
1790 1.0414 59.38 0.3732 63.97
1800 1.3440 59.38 0.5292 65.58
1810 1.2742 53.12 0.5704 62.03
1820 1.2450 53.12 0.5160 60.33
1830 1.1590 53.12 0.6111 54.76
1840 1.6027 46.88 0.4798 58.90
1850 1.3230 59.38 0.5343 61.18
1860 1.1245 65.62 0.6126 61.84
1870 1.3441 53.12 0.4798 61.88
