batch class_loss class_acc conf_loss conf
0 2.3628 9.38 0.6580 47.62
10 2.2449 18.75 0.4905 27.74
20 2.2480 15.62 0.4206 16.82
30 2.2883 18.75 0.4808 14.04
40 2.2325 15.62 0.4221 14.29
50 2.1916 18.75 0.4813 16.87
60 2.2189 21.88 0.5530 21.05
70 2.2039 21.88 0.5779 23.24
80 2.2584 9.38 0.4009 24.83
90 2.0926 28.12 0.5973 27.16
100 2.0510 31.25 0.6005 29.13
110 1.8988 37.50 0.6270 34.02
120 1.9626 37.50 0.6349 38.44
130 2.0153 34.38 0.6088 39.56
140 1.6313 46.88 0.6862 41.68
150 1.5655 43.75 0.6218 45.08
160 1.5015 50.00 0.6459 46.66
170 1.7148 37.50 0.6222 45.99
180 1.3383 56.25 0.6498 48.03
190 1.4112 59.38 0.6923 49.30
200 1.6397 50.00 0.6347 49.26
210 1.6749 46.88 0.5946 49.06
220 1.5669 56.25 0.5849 51.26
230 1.4819 46.88 0.6342 51.46
240 1.5110 46.88 0.6067 51.20
250 1.4228 53.12 0.5548 52.36
260 1.4397 53.12 0.6992 51.66
270 1.3154 46.88 0.5572 51.58
280 1.1159 59.38 0.6231 52.37
290 1.3192 53.12 0.6441 51.52
300 1.7945 28.12 0.5776 49.03
310 1.2766 53.12 0.5400 49.94
320 1.7353 31.25 0.7279 52.02
330 1.7345 37.50 0.6068 49.49
340 1.3003 53.12 0.5181 49.56
350 1.2727 50.00 0.5469 49.69
360 1.2827 50.00 0.4758 49.03
370 1.3400 53.12 0.5824 50.15
380 1.0993 68.75 0.6453 51.42
390 1.3241 53.12 0.6274 51.63
400 1.2661 56.25 0.4569 53.23
410 1.6188 40.62 0.6834 53.52
420 1.4067 56.25 0.7151 53.46
430 1.5377 46.88 0.6032 54.88
440 1.3461 59.38 0.5817 52.95
450 1.4095 40.62 0.7543 51.41
460 1.3256 56.25 0.6351 53.10
470 1.6612 34.38 0.5869 56.21
480 1.2487 59.38 0.5862 54.35
490 1.4385 46.88 0.6301 54.62
500 1.3897 50.00 0.5890 53.35
510 1.4446 43.75 0.5742 52.58
520 1.2273 53.12 0.5800 53.42
530 0.9388 71.88 0.5552 54.48
540 1.1859 62.50 0.5093 56.20
550 1.1828 56.25 0.5912 59.91
560 0.9207 68.75 0.6427 61.26
570 1.2722 50.00 0.6412 57.46
580 1.2691 62.50 0.5437 56.78
590 1.2367 59.38 0.5395 56.30
600 1.1822 56.25 0.5797 56.04
610 1.3885 46.88 0.5563 55.85
620 1.2106 56.25 0.6709 54.39
630 1.1613 59.38 0.5648 55.77
640 1.2586 53.12 0.5526 57.42
650 1.0970 59.38 0.5953 57.72
660 1.3210 50.00 0.5279 54.99
670 1.5226 50.00 0.6128 53.84
680 1.1853 62.50 0.6180 54.94
690 1.2743 50.00 0.5091 55.61
700 1.1676 59.38 0.5652 58.46
710 0.8550 78.12 0.5018 60.43
720 1.7918 43.75 0.6793 63.85
730 1.0253 53.12 0.5431 59.77
740 1.0351 68.75 0.5024 55.20
750 1.1641 56.25 0.5319 57.70
760 1.4796 53.12 0.5153 55.76
770 1.1499 65.62 0.6005 58.12
780 1.3599 62.50 0.5442 61.96
790 1.5335 50.00 0.7886 58.94
800 1.2826 50.00 0.6122 56.21
810 1.5687 46.88 0.6446 56.46
820 1.2957 56.25 0.4980 57.67
830 1.8586 40.62 0.5728 59.39
840 1.8531 34.38 0.6204 57.89
850 1.3479 53.12 0.5880 56.31
860 1.2966 50.00 0.5131 57.54
870 1.2897 46.88 0.5648 58.00
880 1.4023 56.25 0.6328 57.25
890 1.2909 56.25 0.5643 55.67
900 1.3770 50.00 0.6188 56.29
910 1.2223 59.38 0.5149 54.68
920 1.5920 50.00 0.6128 55.41
930 1.5348 46.88 0.5374 56.61
940 1.4338 53.12 0.5746 56.94
950 1.5047 40.62 0.5353 56.14
960 1.4845 37.50 0.5815 54.48
970 1.2255 62.50 0.5909 56.93
980 1.4212 53.12 0.6279 55.78
990 1.5176 53.12 0.5032 55.95
1000 1.4291 46.88 0.5658 57.45
1010 0.9887 62.50 0.6118 56.77
1020 1.3432 56.25 0.6752 58.37
1030 1.1287 65.62 0.5860 55.82
1040 0.8703 71.88 0.5151 58.15
1050 1.0131 65.62 0.5473 56.16
1060 1.4860 53.12 0.5274 55.71
1070 1.3337 53.12 0.5309 52.74
1080 1.5976 53.12 0.7184 53.92
1090 1.2069 53.12 0.5501 52.72
1100 1.1177 62.50 0.4724 57.63
1110 1.1314 59.38 0.3520 57.25
1120 0.9230 68.75 0.3427 60.95
1130 1.6232 53.12 0.5754 61.77
1140 1.3927 40.62 0.5927 65.86
1150 0.9562 68.75 0.5464 61.56
1160 1.2845 62.50 0.4801 57.90
1170 1.0965 71.88 0.5058 54.04
1180 1.1174 59.38 0.5869 58.19
1190 1.3791 53.12 0.5222 58.77
1200 0.9956 62.50 0.6929 60.28
1210 1.1938 53.12 0.4954 58.46
1220 1.2136 53.12 0.4934 59.17
1230 0.9644 75.00 0.6502 57.47
1240 1.4630 43.75 0.5963 55.96
1250 1.5361 40.62 0.6113 55.83
1260 1.3323 53.12 0.4867 56.80
1270 1.1628 56.25 0.5178 59.79
1280 1.2396 59.38 0.4998 58.28
1290 1.1893 65.62 0.5340 60.10
1300 1.3289 56.25 0.5479 58.47
1310 0.8892 71.88 0.4933 59.40
1320 1.0034 65.62 0.5747 60.18
1330 1.0336 59.38 0.5444 63.06
1340 1.1457 59.38 0.3441 60.19
1350 1.0072 68.75 0.5286 58.56
1360 1.0599 65.62 0.4515 59.10
1370 1.7069 43.75 0.6791 56.67
1380 1.3026 56.25 0.5479 56.49
1390 1.3325 53.12 0.5076 55.92
1400 1.3375 53.12 0.4900 56.34
1410 1.2353 59.38 0.6162 58.28
1420 1.7891 34.38 0.6175 58.13
1430 1.4463 53.12 0.5128 56.17
1440 1.4906 53.12 0.6510 55.89
1450 1.3385 50.00 0.6444 58.23
1460 1.3708 46.88 0.6441 56.83
1470 1.3911 62.50 0.5469 52.95
1480 1.1449 56.25 0.6965 60.28
1490 1.3150 56.25 0.5376 62.75
1500 0.9157 62.50 0.5511 64.79
1510 1.0407 59.38 0.5849 60.30
1520 1.2049 53.12 0.5383 58.98
1530 1.4654 50.00 0.5213 59.58
1540 1.5378 40.62 0.6888 57.24
1550 1.1060 65.62 0.5078 55.94
1560 1.6045 43.75 0.5142 57.98
1570 1.2565 53.12 0.5957 58.27
1580 1.2141 59.38 0.5331 60.15
1590 1.0747 62.50 0.5207 59.89
1600 1.1794 56.25 0.5691 59.84
1610 1.3106 43.75 0.5157 59.01
1620 1.3365 53.12 0.3631 57.47
1630 1.2809 59.38 0.4143 60.09
1640 1.1828 56.25 0.4889 59.72
1650 1.2540 56.25 0.6167 57.47
1660 1.0084 68.75 0.5543 59.79
1670 1.3343 43.75 0.5310 56.24
1680 1.3368 53.12 0.4813 55.93
1690 1.2668 53.12 0.3629 57.39
1700 1.6387 40.62 0.4864 58.50
1710 0.7427 81.25 0.4564 60.24
1720 1.0166 68.75 0.5989 60.08
1730 1.5094 43.75 0.7546 61.58
1740 0.9935 68.75 0.4423 60.48
1750 1.2141 56.25 0.6589 60.09
1760 1.0853 62.50 0.3756 60.09
1770 1.0582 62.50 0.5515 59.94
1780 1.4800 43.75 0.6105 62.31
1790 0.7466 81.25 0.4797 60.59
1800 1.4411 46.88 0.6886 63.69
1810 1.1701 56.25 0.7732 65.21
1820 0.9765 68.75 0.5166 62.18
1830 1.0695 65.62 0.4736 61.87
1840 1.6722 43.75 0.6515 57.35
1850 1.2624 50.00 0.4895 56.98
1860 1.1899 59.38 0.5936 62.76
1870 0.9687 71.88 0.5062 59.60
