batch class_loss class_acc conf_loss conf
0 1.1666 50.00 0.4946 65.05
10 1.9990 43.75 0.6876 62.97
20 0.9965 56.25 0.4759 58.36
30 1.4064 53.12 0.4966 59.43
40 1.1793 59.38 0.5558 59.50
50 0.7784 78.12 0.4981 63.05
60 1.2880 56.25 0.5850 63.46
70 1.2377 53.12 0.5377 61.37
80 1.1604 59.38 0.5134 62.85
90 1.1031 62.50 0.6536 59.90
100 1.4464 56.25 0.4865 61.68
110 1.4474 50.00 0.6182 62.64
120 0.7864 78.12 0.4593 59.48
130 0.7336 78.12 0.4871 56.67
140 1.1533 59.38 0.4787 61.22
150 1.1117 59.38 0.3639 61.89
160 1.5020 43.75 0.5036 58.95
170 0.9511 59.38 0.3982 60.84
180 0.9898 65.62 0.4497 64.42
190 1.0930 62.50 0.5001 64.08
200 0.8678 65.62 0.4209 64.28
210 1.3066 59.38 0.4257 58.68
220 1.2789 46.88 0.6103 65.15
230 0.9050 68.75 0.4261 65.18
240 0.8961 68.75 0.5140 62.05
250 1.1169 59.38 0.6058 57.79
260 0.8580 65.62 0.4596 59.74
270 0.7852 78.12 0.5354 61.57
280 1.3428 59.38 0.5352 58.87
290 1.2288 68.75 0.5335 67.12
300 1.1313 53.12 0.4545 64.02
310 1.2190 56.25 0.5829 57.14
320 0.9028 68.75 0.5543 64.52
330 0.8450 75.00 0.4368 64.23
340 1.0247 65.62 0.5245 63.37
350 1.4489 56.25 0.5324 67.16
360 1.2596 56.25 0.4537 63.59
370 1.1989 53.12 0.5828 62.59
380 1.2013 59.38 0.5511 61.49
390 0.6921 78.12 0.3832 61.82
400 0.8756 71.88 0.6138 67.15
410 0.7859 71.88 0.4030 62.80
420 1.2463 59.38 0.5156 65.17
430 1.1085 62.50 0.4526 59.72
440 1.4688 50.00 0.5311 60.54
450 0.8358 68.75 0.5067 59.71
460 1.1850 53.12 0.4689 60.99
470 1.0573 62.50 0.4747 65.91
480 1.1343 62.50 0.4053 65.59
490 0.9664 65.62 0.4722 57.78
500 1.0743 75.00 0.8110 59.13
510 1.1133 65.62 0.4802 63.99
520 1.0244 68.75 0.3962 63.35
530 0.9009 65.62 0.4770 62.54
540 1.1440 68.75 0.5037 67.88
550 1.2677 50.00 0.5182 65.22
560 1.5791 53.12 0.5317 59.55
570 1.0157 65.62 0.5292 61.73
580 1.5012 50.00 0.5167 60.07
590 1.4030 50.00 0.5861 60.68
600 1.2499 50.00 0.6088 63.71
610 0.8809 68.75 0.3141 64.46
620 0.9721 68.75 0.3861 59.38
630 0.9267 68.75 0.5306 64.04
640 0.9314 65.62 0.4006 65.96
650 1.1889 62.50 0.6391 64.13
660 1.4170 40.62 0.7605 62.71
670 1.2911 75.00 0.5907 59.78
680 1.1056 59.38 0.4359 58.38
690 0.8441 68.75 0.4099 63.95
700 1.1860 59.38 0.3420 58.93
710 1.3340 56.25 0.4315 59.29
720 0.9517 71.88 0.3809 60.93
730 1.1835 59.38 0.4254 62.24
740 1.2371 50.00 0.5287 59.98
750 1.0498 62.50 0.4730 61.80
760 1.0844 65.62 0.5099 67.20
770 1.1522 62.50 0.5456 60.97
780 1.4227 56.25 0.5781 61.74
790 1.1525 65.62 0.4265 65.90
800 1.1766 56.25 0.4378 63.58
810 0.9861 62.50 0.5020 60.74
820 1.3488 46.88 0.6568 60.64
830 1.0959 59.38 0.3704 64.65
840 1.1033 68.75 0.4336 63.60
850 1.3817 50.00 0.7392 62.72
860 1.1692 56.25 0.5914 62.64
870 0.9204 71.88 0.5017 59.03
880 1.8173 37.50 0.6404 58.03
890 0.9454 71.88 0.3985 61.59
900 1.3077 50.00 0.6634 62.80
910 1.1994 53.12 0.5666 63.78
920 0.7793 78.12 0.4563 64.12
930 0.9930 68.75 0.4852 63.62
940 0.9986 65.62 0.4964 67.90
950 1.0119 65.62 0.3208 64.74
960 1.2860 59.38 0.6339 60.87
970 1.2408 62.50 0.5850 56.47
980 0.7975 75.00 0.4530 60.53
990 1.1441 59.38 0.5583 63.33
1000 1.1037 65.62 0.5947 60.81
1010 1.2444 56.25 0.5722 64.70
1020 0.9507 68.75 0.4555 61.70
1030 1.0734 59.38 0.4224 64.00
1040 1.8192 46.88 0.8443 66.71
1050 1.0372 62.50 0.5743 62.45
1060 1.2241 59.38 0.5084 60.82
1070 1.1053 68.75 0.5583 59.24
1080 0.9507 75.00 0.6486 61.52
1090 1.2413 43.75 0.4969 66.00
1100 0.9934 65.62 0.4807 65.49
1110 0.7302 75.00 0.4680 63.35
1120 1.2427 50.00 0.5839 60.26
1130 1.2391 53.12 0.4599 61.57
1140 0.8168 78.12 0.4123 62.62
1150 0.9921 56.25 0.4219 63.40
1160 1.3465 46.88 0.6729 65.54
1170 1.0366 59.38 0.4053 62.70
1180 0.9537 68.75 0.5613 63.69
1190 1.1122 59.38 0.3811 62.78
1200 1.0335 62.50 0.5466 65.32
1210 0.9795 65.62 0.4925 63.63
1220 1.1057 59.38 0.4022 61.81
1230 0.9320 68.75 0.4792 60.48
1240 0.8528 75.00 0.5163 60.32
1250 0.9733 75.00 0.4951 61.67
1260 1.0280 65.62 0.6673 62.60
1270 1.0194 59.38 0.5083 63.74
1280 1.0365 62.50 0.3883 60.59
1290 0.9622 78.12 0.6920 61.97
1300 0.9029 62.50 0.5918 64.88
1310 1.0487 62.50 0.4607 62.74
1320 1.0247 62.50 0.4149 58.38
1330 0.9530 75.00 0.5415 60.29
1340 0.7560 78.12 0.4863 64.53
1350 0.8302 75.00 0.4660 62.95
1360 1.2481 59.38 0.5454 61.11
1370 1.0842 62.50 0.3918 62.21
1380 1.2797 46.88 0.5972 58.13
1390 1.4054 53.12 0.5969 62.49
1400 0.9112 68.75 0.3881 62.54
1410 0.9087 68.75 0.5981 66.35
1420 0.9754 65.62 0.5432 61.87
1430 0.7618 75.00 0.4393 64.05
1440 1.0192 68.75 0.4887 67.81
1450 0.9539 68.75 0.4675 63.69
1460 1.0996 65.62 0.4345 62.20
1470 1.2450 53.12 0.4647 58.55
1480 0.9286 65.62 0.4661 63.12
1490 0.9463 62.50 0.4682 64.91
1500 0.8272 68.75 0.3680 66.14
1510 1.0950 59.38 0.3923 61.81
1520 0.8681 75.00 0.5697 62.78
1530 0.8743 71.88 0.5453 61.34
1540 1.0309 75.00 0.5540 63.86
1550 0.9834 71.88 0.4396 63.79
1560 1.1116 53.12 0.4459 65.82
1570 1.0624 62.50 0.4666 64.30
1580 1.0781 59.38 0.5265 67.69
1590 1.7889 43.75 0.9035 67.70
1600 0.8154 75.00 0.5744 63.62
1610 1.1185 56.25 0.3890 58.62
1620 0.9347 68.75 0.4882 63.76
1630 1.1080 62.50 0.5276 62.44
1640 1.1165 62.50 0.5271 58.33
1650 1.3986 65.62 0.6491 63.38
1660 1.2253 43.75 0.5051 60.43
1670 1.2475 50.00 0.6242 61.66
1680 0.8881 65.62 0.4433 65.74
1690 0.9518 71.88 0.5143 65.99
1700 1.2933 62.50 0.6144 65.39
1710 0.7169 75.00 0.3814 65.60
1720 1.4723 50.00 0.6252 64.37
1730 1.2462 62.50 0.5100 67.87
1740 1.3786 53.12 0.5399 64.02
1750 1.3863 53.12 0.6717 60.42
1760 1.0200 68.75 0.5333 59.21
1770 1.0151 62.50 0.4704 60.88
1780 0.9733 68.75 0.4492 63.66
1790 1.2507 53.12 0.4868 62.49
1800 0.7692 78.12 0.5107 63.38
1810 1.1744 53.12 0.5217 61.43
1820 0.9431 75.00 0.4958 65.71
1830 1.2760 56.25 0.4269 64.14
1840 1.3697 43.75 0.4670 58.96
1850 0.8902 78.12 0.5656 58.53
1860 1.2618 56.25 0.3566 59.47
1870 1.0972 56.25 0.4280 65.92
