batch class_loss class_acc conf_loss conf
0 2.2940 9.38 0.7149 50.85
10 2.2958 6.25 0.3383 24.10
20 2.2751 12.50 0.4020 12.91
30 2.3036 15.62 0.3843 10.32
40 2.2328 18.75 0.4890 11.59
50 2.1853 9.38 0.3668 15.95
60 2.2799 12.50 0.4008 19.56
70 1.9543 50.00 0.8453 23.71
80 1.9660 31.25 0.5703 28.38
90 2.1058 28.12 0.6153 30.91
100 1.9145 25.00 0.5878 34.11
110 1.8966 18.75 0.4812 38.51
120 1.8842 37.50 0.5858 38.62
130 1.8930 40.62 0.6995 39.16
140 1.5333 46.88 0.6652 39.25
150 1.6110 46.88 0.6241 42.00
160 1.8209 28.12 0.6356 44.29
170 1.6745 31.25 0.6356 45.23
180 1.5910 56.25 0.5953 46.46
190 1.7284 40.62 0.5553 45.34
200 1.5604 43.75 0.6495 44.80
210 1.6689 43.75 0.6447 46.72
220 1.4826 46.88 0.6617 45.64
230 1.3098 56.25 0.6004 47.60
240 1.6323 40.62 0.6049 49.84
250 1.7098 40.62 0.5474 48.01
260 1.3611 59.38 0.7348 49.11
270 1.1787 62.50 0.5956 49.92
280 1.5936 37.50 0.7072 56.26
290 1.3827 53.12 0.5575 55.69
300 1.5492 53.12 0.6344 52.84
310 1.2524 56.25 0.5261 50.97
320 1.3833 46.88 0.5611 53.03
330 1.2161 50.00 0.4953 53.60
340 1.2122 65.62 0.6015 55.33
350 1.5464 43.75 0.4589 54.04
360 1.4791 43.75 0.6630 53.78
370 1.5042 46.88 0.5976 48.72
380 1.7869 46.88 0.6862 48.71
390 1.6026 43.75 0.5843 51.93
400 1.5909 40.62 0.5255 53.99
410 1.4504 43.75 0.6531 53.91
420 1.0576 71.88 0.5507 52.72
430 1.0057 65.62 0.5440 54.90
440 1.0163 71.88 0.4846 55.94
450 1.2436 53.12 0.6246 51.13
460 1.6250 43.75 0.6540 52.68
470 1.2952 59.38 0.6431 52.87
480 1.3357 62.50 0.6535 50.61
490 1.2511 68.75 0.5866 53.31
500 1.7294 46.88 0.7634 54.05
510 1.0390 62.50 0.6645 54.06
520 1.7027 46.88 0.5611 52.48
530 1.1064 59.38 0.5979 54.35
540 1.3979 46.88 0.5001 57.39
550 1.2510 65.62 0.5595 57.97
560 1.4831 43.75 0.6072 59.80
570 1.0762 62.50 0.5028 56.94
580 1.2145 62.50 0.5982 56.19
590 1.2304 59.38 0.5229 52.29
600 1.4806 50.00 0.4482 53.19
610 1.6360 46.88 0.5639 57.13
620 1.7470 31.25 0.5627 57.08
630 1.4957 50.00 0.5859 56.62
640 1.2241 53.12 0.4455 51.43
650 1.2744 62.50 0.6024 50.84
660 1.4503 59.38 0.6393 53.33
670 1.7782 37.50 0.6154 55.10
680 1.0542 68.75 0.4881 55.11
690 1.3422 59.38 0.4853 56.22
700 1.4583 50.00 0.4540 58.38
710 1.1391 62.50 0.4725 57.71
720 1.6028 46.88 0.5846 55.37
730 1.1780 68.75 0.6698 54.21
740 1.3666 50.00 0.6224 52.34
750 1.5855 46.88 0.7514 57.47
760 1.6452 50.00 0.7094 61.63
770 1.3278 65.62 0.5584 58.98
780 1.3388 50.00 0.5495 55.37
790 1.0260 59.38 0.5095 54.39
800 1.1988 59.38 0.5206 55.49
810 1.5830 37.50 0.5964 55.47
820 0.9784 65.62 0.3714 60.20
830 1.1076 68.75 0.6133 60.26
840 1.7383 37.50 0.6664 61.82
850 1.3105 62.50 0.6846 57.34
860 1.4496 46.88 0.4786 53.05
870 1.3331 62.50 0.5111 56.09
880 1.3266 56.25 0.4355 60.33
890 1.5244 56.25 0.5397 59.11
900 1.4232 50.00 0.5685 59.54
910 1.1925 56.25 0.5288 58.00
920 1.5275 50.00 0.5400 58.40
930 1.1292 71.88 0.5285 60.30
940 1.5893 43.75 0.5929 58.66
950 1.5079 46.88 0.5784 56.02
960 1.0938 62.50 0.5202 52.72
970 0.7178 78.12 0.4683 57.84
980 1.0590 62.50 0.5215 60.86
990 1.6006 40.62 0.6313 55.96
1000 1.3817 56.25 0.5588 52.39
1010 1.2449 59.38 0.5684 54.21
1020 0.9659 62.50 0.3655 60.09
1030 1.3553 50.00 0.6679 61.23
1040 1.1594 62.50 0.5277 59.57
1050 1.2391 56.25 0.6129 59.98
1060 1.6170 40.62 0.6322 58.81
1070 1.4866 46.88 0.6988 58.05
1080 1.2400 65.62 0.6633 59.63
1090 1.0667 59.38 0.5106 60.15
1100 1.1986 59.38 0.5742 60.53
1110 1.4391 50.00 0.6611 56.77
1120 1.3222 46.88 0.4582 56.52
1130 1.6887 37.50 0.6492 56.69
1140 1.2132 62.50 0.6283 56.93
1150 1.1957 59.38 0.5003 55.26
1160 1.0306 68.75 0.4722 55.52
1170 1.1926 59.38 0.6597 56.90
1180 1.2426 46.88 0.5750 59.49
1190 1.0440 56.25 0.4031 59.07
1200 0.9729 71.88 0.5866 59.09
1210 1.0512 65.62 0.4578 57.47
1220 1.5574 40.62 0.6138 57.17
1230 1.2073 62.50 0.5494 55.58
1240 1.1696 59.38 0.4785 56.72
1250 1.0095 71.88 0.5084 61.44
1260 1.3568 43.75 0.6578 62.23
1270 1.2729 46.88 0.4692 60.10
1280 1.3288 53.12 0.4685 58.59
1290 1.0135 71.88 0.5051 57.27
1300 1.1271 56.25 0.5107 54.39
1310 1.0661 56.25 0.5922 59.34
1320 1.4040 50.00 0.6432 59.76
1330 1.3124 56.25 0.5274 58.19
1340 1.1725 59.38 0.6289 59.13
1350 1.2023 56.25 0.5770 59.32
1360 1.0697 53.12 0.4680 58.41
1370 1.1656 59.38 0.6942 57.64
1380 1.2517 71.88 0.6855 56.61
1390 1.5108 43.75 0.6306 60.72
1400 1.3320 50.00 0.5787 59.45
1410 1.6637 46.88 0.5532 57.92
1420 1.5677 43.75 0.4752 57.86
1430 1.1849 59.38 0.6627 59.12
1440 1.1871 62.50 0.7767 62.73
1450 1.4054 50.00 0.6711 60.80
1460 1.1793 62.50 0.6091 58.32
1470 1.2614 59.38 0.4691 59.04
1480 0.8760 62.50 0.3798 63.28
1490 1.3052 56.25 0.6872 64.32
1500 0.9926 62.50 0.4885 61.33
1510 0.9753 59.38 0.3898 60.20
1520 1.6878 50.00 0.5373 60.26
1530 1.2796 53.12 0.3920 57.86
1540 1.1943 53.12 0.5541 56.28
1550 1.2456 53.12 0.5565 57.97
1560 0.8891 75.00 0.4438 56.24
1570 1.2943 62.50 0.4724 62.18
1580 0.8730 65.62 0.3796 62.36
1590 1.0983 68.75 0.6760 57.92
1600 1.4846 50.00 0.5631 55.46
1610 0.9521 62.50 0.5986 55.79
1620 1.3951 59.38 0.5426 57.73
1630 1.1690 53.12 0.4880 60.08
1640 1.2612 62.50 0.4986 59.68
1650 1.2232 62.50 0.5961 57.19
1660 1.5418 46.88 0.5319 57.21
1670 1.5269 43.75 0.5526 57.94
1680 1.0186 65.62 0.4592 57.64
1690 1.2535 53.12 0.5081 60.22
1700 1.3824 46.88 0.5084 56.72
1710 1.2851 56.25 0.6809 61.82
1720 1.1675 59.38 0.5181 58.97
1730 1.3845 53.12 0.5213 59.38
1740 1.1398 65.62 0.5870 58.20
1750 0.8520 71.88 0.4326 60.03
1760 1.5046 50.00 0.4947 59.01
1770 1.3236 53.12 0.5026 59.44
1780 0.9410 62.50 0.5690 62.43
1790 1.2161 59.38 0.6677 61.91
1800 1.2075 56.25 0.6380 56.21
1810 1.5155 46.88 0.5692 55.59
1820 1.1628 59.38 0.4256 56.83
1830 0.7238 75.00 0.4463 58.89
1840 0.8618 78.12 0.5428 58.51
1850 1.1296 62.50 0.4128 64.83
1860 1.2455 59.38 0.5367 63.46
1870 1.6332 53.12 0.6753 62.47
