batch class_loss class_acc conf_loss conf
0 2.3738 0.00 0.7760 53.63
10 2.3002 12.50 0.4705 29.96
20 2.3470 12.50 0.3936 17.89
30 2.2909 6.25 0.2618 14.21
40 2.2369 15.62 0.4495 11.68
50 2.2742 9.38 0.3252 14.26
60 2.2120 21.88 0.5244 17.99
70 2.1813 21.88 0.4912 21.06
80 2.0074 31.25 0.6334 26.62
90 1.8557 50.00 0.7569 29.95
100 2.0523 21.88 0.5423 30.83
110 1.9040 43.75 0.6660 32.30
120 2.0035 28.12 0.5971 38.71
130 1.8078 40.62 0.6237 42.46
140 1.7266 50.00 0.6753 43.14
150 1.5798 53.12 0.6923 45.02
160 1.5977 56.25 0.7230 46.66
170 1.6826 34.38 0.5564 47.32
180 1.6368 46.88 0.5711 45.55
190 1.6367 56.25 0.7159 45.39
200 1.7045 43.75 0.6929 46.90
210 1.4538 43.75 0.5991 49.59
220 1.2853 59.38 0.6168 52.22
230 1.3806 56.25 0.7181 53.83
240 1.6672 53.12 0.6747 52.39
250 1.5051 43.75 0.6692 52.93
260 1.4074 43.75 0.6902 52.73
270 1.5135 53.12 0.5508 51.11
280 1.4058 40.62 0.6068 47.71
290 1.3916 50.00 0.5571 51.46
300 1.2391 59.38 0.5058 55.62
310 1.5021 56.25 0.5669 54.65
320 1.4886 53.12 0.5864 51.76
330 1.5475 56.25 0.5282 51.57
340 1.0725 62.50 0.5508 52.10
350 1.7027 37.50 0.6219 52.46
360 1.6037 46.88 0.6738 52.64
370 1.6033 53.12 0.5191 51.30
380 1.2304 56.25 0.5858 52.41
390 1.2105 71.88 0.6618 54.15
400 1.3438 53.12 0.5034 55.57
410 1.3980 53.12 0.6634 52.84
420 1.1115 56.25 0.6400 55.14
430 1.6736 46.88 0.6002 49.35
440 1.5657 43.75 0.6317 47.10
450 1.6510 31.25 0.6272 48.14
460 1.3248 53.12 0.6283 52.50
470 1.4309 37.50 0.5444 54.77
480 1.9822 31.25 0.6961 56.24
490 1.4403 43.75 0.6204 55.15
500 1.5958 50.00 0.5047 52.83
510 1.5308 43.75 0.5464 50.39
520 1.4793 50.00 0.5724 51.83
530 1.2866 53.12 0.6483 52.48
540 1.3988 50.00 0.6211 53.25
550 1.3542 50.00 0.5028 53.92
560 1.4878 50.00 0.7351 57.07
570 1.3412 59.38 0.5498 51.69
580 1.6543 37.50 0.5654 52.28
590 1.2724 62.50 0.6811 54.92
600 1.3182 56.25 0.6651 56.59
610 1.3009 50.00 0.6078 58.39
620 0.9966 68.75 0.6015 60.49
630 1.2736 62.50 0.6491 61.21
640 1.5181 40.62 0.6409 59.72
650 1.3841 59.38 0.6381 56.25
660 1.5138 50.00 0.5207 52.66
670 1.2708 56.25 0.4478 55.10
680 1.2791 62.50 0.5723 54.33
690 1.2379 53.12 0.4868 54.73
700 1.3022 50.00 0.5645 55.69
710 1.4540 40.62 0.6996 59.10
720 1.1596 65.62 0.5712 60.25
730 1.3386 56.25 0.6175 56.20
740 1.5577 43.75 0.5795 56.04
750 1.0394 65.62 0.5159 54.77
760 1.3072 62.50 0.6006 56.21
770 0.9767 65.62 0.4850 57.73
780 1.5132 50.00 0.6047 57.80
790 1.0368 71.88 0.5121 56.53
800 1.2733 59.38 0.5616 56.11
810 1.1816 62.50 0.4988 58.49
820 1.2140 68.75 0.5152 57.73
830 1.3332 50.00 0.5626 58.17
840 1.1995 68.75 0.4500 59.00
850 1.3325 53.12 0.6526 60.10
860 1.3144 59.38 0.6641 57.97
870 1.5900 46.88 0.5162 56.12
880 1.5864 50.00 0.5496 53.01
890 1.2642 59.38 0.5746 54.26
900 1.2934 59.38 0.6254 57.62
910 1.7901 34.38 0.7406 57.75
920 1.1725 71.88 0.6554 60.41
930 1.1438 59.38 0.4915 61.50
940 1.2677 59.38 0.5046 58.74
950 1.2302 59.38 0.4010 58.69
960 1.4077 50.00 0.4029 55.42
970 1.1539 56.25 0.5860 57.51
980 1.1662 68.75 0.4521 58.91
990 1.4379 50.00 0.5629 61.75
1000 1.3331 53.12 0.6427 59.87
1010 0.9088 68.75 0.4500 59.18
1020 1.1998 59.38 0.4740 60.46
1030 1.5116 53.12 0.7297 60.09
1040 1.3197 56.25 0.4848 58.29
1050 1.5819 46.88 0.6965 55.84
1060 1.3072 53.12 0.5509 54.66
1070 1.2081 56.25 0.6334 55.52
1080 1.0325 59.38 0.5356 55.78
1090 1.3878 46.88 0.7177 58.18
1100 1.4799 53.12 0.5161 56.44
1110 1.2320 62.50 0.5203 56.87
1120 1.0382 65.62 0.5622 59.33
1130 1.0300 65.62 0.4040 60.39
1140 1.5369 50.00 0.9326 58.44
1150 1.2867 56.25 0.6553 55.93
1160 1.1117 56.25 0.5055 57.10
1170 1.1313 65.62 0.6578 58.26
1180 0.9160 68.75 0.4911 56.97
1190 0.8542 75.00 0.4706 59.70
1200 1.3863 56.25 0.5514 59.57
1210 1.1288 65.62 0.5508 57.44
1220 1.1245 59.38 0.5316 56.45
1230 1.6783 34.38 0.6162 55.33
1240 1.5738 53.12 0.6968 56.95
1250 0.8406 75.00 0.5501 57.22
1260 1.1760 56.25 0.5575 59.63
1270 1.1441 65.62 0.5094 59.71
1280 1.2324 56.25 0.6576 59.09
1290 1.1525 68.75 0.4677 60.21
1300 1.6187 46.88 0.6357 60.55
1310 1.0499 59.38 0.4583 59.28
1320 1.1381 62.50 0.5808 58.22
1330 1.3816 56.25 0.5755 60.36
1340 1.3315 56.25 0.6417 56.76
1350 1.2443 56.25 0.4450 54.91
1360 1.1559 68.75 0.4452 59.66
1370 1.5310 56.25 0.7065 60.12
1380 0.6767 87.50 0.4933 59.35
1390 1.1501 59.38 0.5558 61.80
1400 1.7589 46.88 0.6571 60.14
1410 1.2756 53.12 0.6811 61.12
1420 1.3986 50.00 0.6441 60.39
1430 1.1479 59.38 0.4639 57.53
1440 1.1795 59.38 0.4930 57.38
1450 1.1513 62.50 0.6291 56.84
1460 0.8922 75.00 0.5787 60.51
1470 1.5290 46.88 0.7706 63.76
1480 1.1626 53.12 0.5050 60.89
1490 1.4632 62.50 0.4659 63.41
1500 1.2191 59.38 0.5299 62.11
1510 1.0039 65.62 0.5324 57.30
1520 1.3845 59.38 0.4767 60.09
1530 1.3687 56.25 0.4603 60.84
1540 1.4169 53.12 0.6981 58.33
1550 1.2453 56.25 0.5435 59.43
1560 1.1158 62.50 0.6617 61.21
1570 1.0977 62.50 0.4820 58.71
1580 1.3783 56.25 0.5963 61.42
1590 1.3275 56.25 0.5251 60.05
1600 1.2881 62.50 0.4363 57.59
1610 1.0629 59.38 0.5761 58.22
1620 1.2189 53.12 0.5237 60.11
1630 1.1604 62.50 0.5335 58.24
1640 0.9959 68.75 0.6915 57.70
1650 1.2870 46.88 0.5702 56.63
1660 0.9031 68.75 0.4860 59.20
1670 1.2727 56.25 0.6791 62.35
1680 1.0964 65.62 0.5624 59.49
1690 1.3577 53.12 0.5250 59.88
1700 1.1382 62.50 0.5506 61.15
1710 1.2515 62.50 0.5439 61.79
1720 1.0275 53.12 0.6603 60.82
1730 1.0352 62.50 0.4315 60.08
1740 1.2844 59.38 0.4774 58.00
1750 1.1478 62.50 0.5713 59.64
1760 1.8513 34.38 0.6219 57.80
1770 1.1128 56.25 0.5609 60.38
1780 1.1520 59.38 0.4339 58.10
1790 0.7925 68.75 0.4862 57.09
1800 1.0885 59.38 0.4928 59.04
1810 0.9819 59.38 0.4189 63.14
1820 1.0375 68.75 0.4132 60.67
1830 1.8724 46.88 0.6605 60.06
1840 1.2065 56.25 0.5383 60.18
1850 1.6083 40.62 0.6192 61.85
1860 1.0500 59.38 0.5709 60.60
1870 1.1021 59.38 0.5417 60.24
