batch class_loss class_acc conf_loss conf
0 1.3607 53.12 0.6419 61.77
10 0.9737 68.75 0.5714 61.94
20 0.8137 78.12 0.4618 64.94
30 1.0848 50.00 0.4354 63.86
40 1.1744 59.38 0.6671 63.93
50 1.2589 56.25 0.5072 61.84
60 0.9808 68.75 0.4087 62.72
70 1.3375 59.38 0.5362 62.18
80 1.3910 59.38 0.4432 62.46
90 1.4783 53.12 0.5613 62.70
100 1.2250 62.50 0.6791 60.37
110 1.0448 71.88 0.5812 61.35
120 1.1282 65.62 0.5537 63.80
130 1.0996 65.62 0.4600 63.95
140 0.9754 62.50 0.5736 65.87
150 0.9733 68.75 0.5771 60.64
160 1.0324 65.62 0.4960 56.36
170 1.1321 62.50 0.4531 60.60
180 1.2241 68.75 0.6242 65.71
190 1.3209 53.12 0.3674 64.15
200 1.1789 59.38 0.4133 61.66
210 0.7396 75.00 0.4945 60.46
220 1.2007 50.00 0.4681 60.86
230 1.2647 65.62 0.4817 61.67
240 1.4800 53.12 0.3456 60.36
250 1.5703 43.75 0.5520 60.04
260 1.0649 62.50 0.4792 63.14
270 1.0650 75.00 0.5196 61.73
280 0.8737 68.75 0.4401 65.72
290 1.3754 62.50 0.5051 64.35
300 1.1798 59.38 0.5546 60.82
310 0.9316 68.75 0.3938 63.54
320 1.1876 65.62 0.5407 60.97
330 1.0378 59.38 0.4552 60.44
340 1.2956 65.62 0.5344 68.43
350 1.2800 46.88 0.4597 65.61
360 1.2960 59.38 0.3760 56.94
370 0.8572 68.75 0.4447 59.94
380 1.0761 59.38 0.4244 59.34
390 1.0262 68.75 0.4877 63.31
400 0.8297 62.50 0.3883 62.92
410 1.1603 59.38 0.5075 61.58
420 1.3025 59.38 0.5040 60.61
430 1.0015 65.62 0.4240 61.28
440 0.7717 78.12 0.3692 66.75
450 0.8595 75.00 0.3582 62.70
460 0.8338 68.75 0.4020 66.58
470 1.2801 56.25 0.4938 59.67
480 0.9922 65.62 0.5745 56.25
490 0.9218 62.50 0.5156 59.41
500 0.8874 62.50 0.4925 61.02
510 0.9749 59.38 0.3608 60.23
520 1.2672 59.38 0.5377 62.47
530 0.9153 75.00 0.4718 59.44
540 1.1211 75.00 0.5931 63.45
550 0.8139 71.88 0.4532 59.53
560 1.0360 62.50 0.5185 60.89
570 1.4740 50.00 0.6296 63.46
580 1.2308 65.62 0.5436 64.89
590 1.1135 56.25 0.4241 62.53
600 0.9376 75.00 0.4294 64.67
610 1.1551 65.62 0.4719 62.10
620 1.3924 46.88 0.5660 63.29
630 1.5902 43.75 0.5874 60.30
640 0.8094 78.12 0.5076 62.67
650 1.2480 65.62 0.6056 61.36
660 1.2386 59.38 0.5642 62.57
670 1.2827 56.25 0.3791 61.35
680 1.1248 65.62 0.4212 61.17
690 1.2977 62.50 0.4442 58.21
700 1.0762 62.50 0.3773 64.89
710 1.1762 53.12 0.4973 59.61
720 1.0504 65.62 0.3201 61.48
730 0.8786 75.00 0.5323 62.38
740 1.2052 56.25 0.5576 66.44
750 0.7750 81.25 0.4326 63.70
760 0.9118 68.75 0.4177 63.04
770 1.0347 68.75 0.5668 60.27
780 0.8918 78.12 0.4935 64.90
790 1.0679 68.75 0.4222 66.23
800 1.1859 53.12 0.4230 59.50
810 1.0926 56.25 0.4691 60.53
820 1.0912 62.50 0.5185 62.77
830 0.9358 68.75 0.4280 64.44
840 1.3463 56.25 0.4230 61.67
850 0.9080 62.50 0.4398 64.12
860 1.5496 43.75 0.5618 63.23
870 1.0052 65.62 0.4279 59.02
880 1.3181 50.00 0.4634 62.13
890 1.1977 53.12 0.4857 63.11
900 1.0008 59.38 0.3541 63.39
910 0.8800 71.88 0.4016 64.39
920 0.8631 71.88 0.4342 61.66
930 1.3767 53.12 0.4852 62.96
940 1.1568 71.88 0.5516 64.74
950 1.3618 59.38 0.5553 65.47
960 1.3630 53.12 0.5070 62.37
970 1.4829 40.62 0.6374 64.72
980 0.9695 71.88 0.5071 63.27
990 0.8836 68.75 0.4258 67.62
1000 0.6423 84.38 0.4442 68.43
1010 1.2416 56.25 0.5129 63.86
1020 1.2294 59.38 0.4170 58.95
1030 1.4080 46.88 0.5103 59.37
1040 1.0707 62.50 0.4593 59.07
1050 1.0990 65.62 0.5947 59.32
1060 1.4418 50.00 0.4086 61.33
1070 1.1678 53.12 0.4465 64.14
1080 1.0280 56.25 0.4677 62.15
1090 1.0434 71.88 0.5364 66.16
1100 1.2899 68.75 0.5436 68.42
1110 1.1985 62.50 0.4542 60.36
1120 0.7813 71.88 0.4354 60.20
1130 1.1189 68.75 0.6061 62.43
1140 1.2098 56.25 0.4000 64.43
1150 0.9082 68.75 0.3827 64.55
1160 1.0786 68.75 0.3293 65.75
1170 0.8747 75.00 0.4574 63.92
1180 0.9605 62.50 0.3901 65.85
1190 1.0735 62.50 0.4697 65.44
1200 0.9343 59.38 0.4966 66.79
1210 1.3258 62.50 0.4921 63.44
1220 1.0490 68.75 0.5890 66.50
1230 0.8889 62.50 0.3950 65.99
1240 1.1488 59.38 0.4159 61.98
1250 1.5367 59.38 0.6656 59.41
1260 1.3849 53.12 0.4810 60.57
1270 0.9520 62.50 0.3463 63.19
1280 0.9017 71.88 0.4633 65.46
1290 1.3479 56.25 0.5233 66.84
1300 1.1961 56.25 0.4417 61.46
1310 0.9839 68.75 0.4381 63.55
1320 1.0575 71.88 0.5955 61.59
1330 0.7221 75.00 0.5611 66.33
1340 0.9553 71.88 0.4499 61.75
1350 1.0815 62.50 0.3710 62.56
1360 1.0951 59.38 0.4881 60.58
1370 1.0938 59.38 0.5511 68.63
1380 1.1094 56.25 0.5777 60.89
1390 1.1901 62.50 0.5893 55.83
1400 1.2665 62.50 0.4305 61.55
1410 1.3566 50.00 0.5802 62.18
1420 1.0449 65.62 0.3941 62.27
1430 1.2197 68.75 0.5593 65.80
1440 1.0172 71.88 0.4611 64.29
1450 0.9835 71.88 0.4877 64.21
1460 1.1189 59.38 0.3963 65.46
1470 0.9406 68.75 0.4781 59.69
1480 1.6185 40.62 0.6563 59.92
1490 1.0153 65.62 0.5267 58.01
1500 1.3569 59.38 0.4441 54.50
1510 0.8812 65.62 0.5208 62.67
1520 0.9617 62.50 0.4088 65.15
1530 1.5290 43.75 0.6857 60.30
1540 1.3370 59.38 0.5937 57.93
1550 1.2187 65.62 0.7903 57.28
1560 1.3164 53.12 0.4054 59.75
1570 1.2748 56.25 0.4178 60.90
1580 1.0217 71.88 0.6005 63.62
1590 1.0930 65.62 0.4593 62.10
1600 0.9452 68.75 0.4744 60.64
1610 1.0914 59.38 0.5790 66.03
1620 0.8273 75.00 0.4503 60.77
1630 0.7911 78.12 0.4772 65.78
1640 1.4621 43.75 0.5045 66.02
1650 1.5052 46.88 0.5283 64.10
1660 1.1098 62.50 0.4860 67.06
1670 1.2273 53.12 0.5700 64.62
1680 1.1342 65.62 0.5662 66.18
1690 1.1208 68.75 0.5046 61.66
1700 0.9061 68.75 0.4675 61.29
1710 1.1706 62.50 0.4988 56.80
1720 1.2285 56.25 0.5453 63.06
1730 0.8076 75.00 0.5332 57.99
1740 1.1530 62.50 0.3414 62.23
1750 1.1160 65.62 0.5071 58.57
1760 0.9604 68.75 0.5087 64.30
1770 1.5022 53.12 0.5846 64.47
1780 0.8944 68.75 0.4395 64.85
1790 0.8336 75.00 0.4794 59.52
1800 1.0042 68.75 0.4401 64.23
1810 0.8093 65.62 0.3791 68.60
1820 0.9962 68.75 0.4217 66.56
1830 0.9865 65.62 0.4769 65.65
1840 0.9046 65.62 0.4558 62.83
1850 0.8774 68.75 0.3441 62.19
1860 1.1004 59.38 0.6074 59.38
1870 1.0947 59.38 0.4607 63.90
