batch class_loss class_acc conf_loss conf
0 0.9344 68.75 0.4362 60.19
10 1.2778 56.25 0.5746 63.53
20 1.0015 68.75 0.5498 59.13
30 1.1664 65.62 0.4841 56.53
40 1.1842 65.62 0.4521 57.38
50 1.1154 62.50 0.4403 61.72
60 1.3547 56.25 0.6063 61.74
70 1.2826 56.25 0.5571 61.36
80 1.0337 71.88 0.4721 59.67
90 0.8938 71.88 0.5514 58.78
100 1.0686 56.25 0.5938 59.46
110 1.6121 46.88 0.6290 56.87
120 1.1651 59.38 0.4562 57.94
130 1.2763 53.12 0.5840 62.56
140 1.4596 53.12 0.5588 61.50
150 1.3540 53.12 0.7097 63.55
160 1.0779 62.50 0.5644 58.49
170 1.2635 53.12 0.6779 60.88
180 1.4482 53.12 0.5826 60.50
190 1.1900 56.25 0.4654 59.01
200 1.4401 53.12 0.6228 64.40
210 1.4054 56.25 0.4997 62.75
220 1.4850 50.00 0.6491 62.83
230 1.2654 68.75 0.5923 60.53
240 1.0558 71.88 0.6478 59.55
250 1.7114 40.62 0.7652 58.88
260 1.2882 56.25 0.5087 58.13
270 1.0899 65.62 0.5241 58.15
280 1.2553 59.38 0.4635 57.44
290 1.1956 68.75 0.4672 59.25
300 1.0809 59.38 0.5416 61.60
310 1.1460 59.38 0.4867 62.99
320 0.8118 78.12 0.4089 61.63
330 1.3709 53.12 0.6225 64.19
340 1.2864 56.25 0.6616 60.55
350 1.3431 56.25 0.5277 59.86
360 1.6216 37.50 0.6294 58.25
370 1.1664 62.50 0.4719 59.33
380 1.0338 56.25 0.4723 60.27
390 1.3203 59.38 0.6271 59.49
400 1.1274 59.38 0.7034 58.92
410 1.1072 62.50 0.4968 55.76
420 1.5030 56.25 0.5011 60.24
430 1.1796 62.50 0.5601 61.69
440 1.3999 62.50 0.5638 63.40
450 1.6687 56.25 0.7230 62.29
460 1.2084 50.00 0.5857 61.26
470 0.9772 62.50 0.4010 59.08
480 0.9244 71.88 0.3458 61.39
490 0.7607 75.00 0.4617 60.80
500 1.4291 56.25 0.6431 58.06
510 0.8650 78.12 0.5716 58.35
520 0.9715 68.75 0.4112 59.06
530 0.9750 62.50 0.5454 60.47
540 1.2153 56.25 0.4530 53.40
550 0.9620 65.62 0.5443 57.66
560 1.2205 46.88 0.3696 58.02
570 1.0724 62.50 0.3541 61.53
580 0.8883 65.62 0.4087 58.41
590 1.2342 56.25 0.4048 58.27
600 1.1297 59.38 0.5241 58.99
610 1.0088 62.50 0.4766 60.90
620 1.1364 62.50 0.4944 56.71
630 1.4448 50.00 0.5748 61.25
640 1.2455 59.38 0.5756 60.37
650 1.3531 50.00 0.7315 60.09
660 1.2810 59.38 0.5102 59.39
670 1.0333 62.50 0.5088 57.12
680 1.1131 59.38 0.5149 60.47
690 1.3289 46.88 0.5191 61.36
700 0.9234 65.62 0.4836 63.25
710 1.1263 65.62 0.5177 62.45
720 1.1796 59.38 0.4540 58.69
730 0.9220 71.88 0.4531 59.55
740 1.4729 43.75 0.6223 61.52
750 1.5000 53.12 0.4676 60.11
760 0.7583 78.12 0.4788 61.78
770 1.4627 50.00 0.5686 60.45
780 0.8485 71.88 0.4375 59.67
790 1.1782 65.62 0.5619 61.64
800 0.8056 71.88 0.4052 61.27
810 1.0500 71.88 0.4678 63.53
820 1.4601 50.00 0.5522 59.85
830 1.2690 50.00 0.5969 62.05
840 1.0034 68.75 0.6910 61.78
850 0.9938 68.75 0.4990 57.43
860 1.5653 46.88 0.4831 59.52
870 1.5243 50.00 0.5305 63.73
880 1.2194 59.38 0.6829 65.33
890 0.8884 59.38 0.5016 63.26
900 1.3278 62.50 0.5967 61.79
910 0.8078 71.88 0.3562 63.43
920 1.3364 53.12 0.4675 60.59
930 1.0983 59.38 0.5543 60.23
940 1.3186 53.12 0.4871 60.62
950 0.8988 78.12 0.5297 61.80
960 1.5682 46.88 0.6016 60.70
970 1.2506 50.00 0.5563 63.88
980 1.0995 53.12 0.5502 59.74
990 1.0226 62.50 0.5854 59.72
1000 1.1031 62.50 0.6883 58.55
1010 1.4875 43.75 0.5408 58.03
1020 1.7041 43.75 0.5988 54.88
1030 1.1180 53.12 0.5596 56.96
1040 1.0085 59.38 0.5761 56.80
1050 1.3214 53.12 0.4565 61.27
1060 1.1626 56.25 0.4820 59.86
1070 1.0717 71.88 0.5348 62.99
1080 0.9530 62.50 0.4457 58.95
1090 1.5103 43.75 0.6067 59.10
1100 0.9806 62.50 0.5394 63.23
1110 1.3365 59.38 0.5471 59.89
1120 1.1142 62.50 0.5054 59.73
1130 1.1059 59.38 0.4643 60.34
1140 0.9873 65.62 0.5221 60.48
1150 1.1682 62.50 0.4708 62.02
1160 0.9379 71.88 0.4206 62.47
1170 1.3656 65.62 0.6615 64.78
1180 1.1758 62.50 0.6015 63.42
1190 1.3056 59.38 0.6990 67.11
1200 0.8303 71.88 0.4978 60.37
1210 0.9457 65.62 0.4750 62.45
1220 0.9254 68.75 0.3727 64.87
1230 1.0741 62.50 0.5696 63.28
1240 1.2269 53.12 0.5020 61.46
1250 1.3782 56.25 0.4836 59.38
1260 0.9726 68.75 0.4387 59.21
1270 0.9410 65.62 0.5575 61.14
1280 1.2746 43.75 0.6416 57.32
1290 1.2161 68.75 0.4525 58.78
1300 1.5078 46.88 0.5364 62.38
1310 0.9874 62.50 0.3682 58.92
1320 1.2878 62.50 0.5499 61.08
1330 1.1503 50.00 0.4719 58.20
1340 1.6166 46.88 0.6947 59.07
1350 1.3751 56.25 0.7103 59.05
1360 1.1957 56.25 0.4651 61.94
1370 1.1895 59.38 0.4351 61.50
1380 1.1989 59.38 0.6143 64.87
1390 1.1291 56.25 0.5071 58.48
1400 0.9002 71.88 0.4021 57.84
1410 1.0066 59.38 0.5844 60.96
1420 0.9921 71.88 0.5626 61.56
1430 1.0030 65.62 0.6277 63.86
1440 1.0245 62.50 0.5279 61.44
1450 0.8486 81.25 0.5031 61.54
1460 1.2403 59.38 0.6037 62.69
1470 1.1342 71.88 0.4095 60.97
1480 1.0003 68.75 0.5571 60.93
1490 1.2723 56.25 0.4023 59.94
1500 1.0791 65.62 0.5162 60.31
1510 1.1413 59.38 0.5935 64.02
1520 0.8292 71.88 0.5316 61.21
1530 1.4347 50.00 0.5827 63.91
1540 1.1874 59.38 0.5854 63.54
1550 0.9738 65.62 0.4837 63.34
1560 1.0617 59.38 0.5386 62.57
1570 1.1608 62.50 0.4751 63.69
1580 1.0902 53.12 0.4005 61.95
1590 1.4822 50.00 0.6450 63.08
1600 1.1310 56.25 0.4647 60.97
1610 1.2855 53.12 0.5562 59.72
1620 1.3721 50.00 0.6055 59.31
1630 1.3174 56.25 0.5081 57.17
1640 0.9539 65.62 0.4554 59.41
1650 1.3532 50.00 0.5130 59.71
1660 1.1414 62.50 0.4544 60.49
1670 1.3121 53.12 0.5732 60.09
1680 1.1043 62.50 0.4975 63.82
1690 1.0021 65.62 0.5135 63.56
1700 1.2954 56.25 0.5778 61.44
1710 1.3583 53.12 0.6248 55.15
1720 1.0852 59.38 0.5347 57.70
1730 1.2592 50.00 0.6054 59.18
1740 1.2469 56.25 0.5096 57.74
1750 1.2463 59.38 0.5743 59.02
1760 1.3673 59.38 0.4240 59.91
1770 0.9845 68.75 0.4479 63.97
1780 0.9594 65.62 0.4196 65.32
1790 1.3541 50.00 0.8087 67.40
1800 1.1271 62.50 0.4211 62.04
1810 1.1206 59.38 0.4845 55.95
1820 1.3351 56.25 0.5120 57.20
1830 1.1456 53.12 0.5754 63.18
1840 1.1846 62.50 0.6213 60.90
1850 1.2809 59.38 0.5034 65.21
1860 1.3801 43.75 0.5572 65.10
1870 0.9003 78.12 0.4253 61.27
