batch class_loss class_acc conf_loss conf
0 1.1138 62.50 0.4233 58.37
10 1.0530 62.50 0.6189 65.42
20 1.0604 56.25 0.4375 62.37
30 1.5071 53.12 0.5602 64.12
40 1.2386 59.38 0.4503 58.86
50 1.3799 50.00 0.5816 64.24
60 1.0689 65.62 0.4707 62.28
70 1.2600 53.12 0.5001 70.86
80 1.1462 62.50 0.5411 70.32
90 1.1065 68.75 0.4086 64.69
100 1.3402 56.25 0.6661 60.65
110 0.9585 68.75 0.3601 61.49
120 1.2493 50.00 0.5729 59.16
130 0.8733 78.12 0.5387 65.44
140 1.3245 56.25 0.5269 62.88
150 1.1877 56.25 0.4280 63.01
160 1.1429 53.12 0.5126 63.55
170 1.0329 68.75 0.4873 61.84
180 1.0561 59.38 0.3975 57.75
190 1.2005 59.38 0.6350 62.87
200 0.8922 81.25 0.4659 61.54
210 1.1013 65.62 0.4726 64.00
220 1.2019 59.38 0.4442 64.23
230 0.9874 65.62 0.4787 65.01
240 1.6204 43.75 0.7660 63.46
250 1.1849 62.50 0.5185 58.78
260 0.8748 75.00 0.5052 60.95
270 0.9694 65.62 0.4831 62.76
280 0.9184 65.62 0.3318 65.13
290 1.0764 62.50 0.4008 61.88
300 1.2656 59.38 0.7880 68.47
310 0.9993 62.50 0.5333 61.30
320 1.1337 62.50 0.6043 65.74
330 0.9715 71.88 0.4456 64.47
340 1.1402 65.62 0.5923 65.87
350 1.0501 71.88 0.6047 65.08
360 1.0184 68.75 0.5653 63.01
370 1.1812 50.00 0.5753 60.68
380 0.9804 65.62 0.4614 60.08
390 1.5779 46.88 0.5165 59.26
400 1.2717 56.25 0.6537 60.16
410 1.6709 46.88 0.5423 58.94
420 1.6702 40.62 0.6145 61.48
430 1.4638 46.88 0.5646 60.53
440 1.4518 50.00 0.4063 63.95
450 1.0649 53.12 0.3897 62.98
460 0.9722 68.75 0.3997 62.70
470 1.2213 59.38 0.5122 62.65
480 0.7081 78.12 0.5011 65.16
490 1.2694 56.25 0.5223 65.28
500 1.3550 53.12 0.4444 58.01
510 1.3492 59.38 0.6033 61.15
520 1.2301 65.62 0.5327 60.80
530 1.0477 68.75 0.3960 62.36
540 1.1184 62.50 0.5539 58.10
550 0.9585 62.50 0.3974 61.67
560 1.2637 53.12 0.4902 61.82
570 1.2903 53.12 0.4989 61.16
580 1.0761 59.38 0.5751 60.49
590 1.0623 62.50 0.5282 62.76
600 1.4155 50.00 0.6993 63.68
610 1.1247 59.38 0.4851 61.39
620 1.4013 56.25 0.6256 63.43
630 1.0836 62.50 0.4018 64.46
640 0.9686 65.62 0.4281 63.42
650 1.0197 65.62 0.4851 65.18
660 1.2842 56.25 0.5148 61.49
670 1.0522 68.75 0.6347 62.71
680 1.0797 59.38 0.5887 60.54
690 1.1685 50.00 0.4686 65.61
700 0.8881 78.12 0.5121 64.04
710 1.1979 62.50 0.3767 64.15
720 1.0331 62.50 0.5865 62.85
730 0.8579 75.00 0.3830 61.06
740 1.1786 62.50 0.4156 61.07
750 0.9858 65.62 0.4745 60.30
760 1.0534 65.62 0.5157 56.87
770 1.2879 53.12 0.6310 64.50
780 0.8496 71.88 0.4631 62.12
790 1.3841 56.25 0.5992 65.35
800 1.1706 53.12 0.4540 65.69
810 0.7830 78.12 0.4239 61.16
820 1.0453 68.75 0.4271 64.82
830 1.3258 53.12 0.5237 58.58
840 0.7579 68.75 0.4499 61.59
850 1.0806 71.88 0.3790 64.27
860 0.9954 65.62 0.3661 63.25
870 1.2676 62.50 0.5118 61.13
880 1.0581 65.62 0.5185 69.41
890 0.6234 78.12 0.4544 60.78
900 1.0737 62.50 0.4806 60.06
910 1.1287 68.75 0.5149 62.73
920 1.0651 65.62 0.4671 60.61
930 1.0661 62.50 0.3360 65.15
940 0.9939 65.62 0.3843 64.04
950 1.3205 43.75 0.6113 64.44
960 1.4598 53.12 0.5327 59.87
970 1.5216 53.12 0.5095 57.36
980 0.9216 65.62 0.3632 60.69
990 0.8512 71.88 0.4975 64.26
1000 1.2268 68.75 0.5845 61.00
1010 1.1626 56.25 0.4720 59.71
1020 1.1446 62.50 0.4489 62.27
1030 0.9854 62.50 0.6253 60.75
1040 1.0229 68.75 0.4625 56.51
1050 0.7703 75.00 0.5191 59.05
1060 1.0571 56.25 0.3695 63.78
1070 0.8840 68.75 0.5213 66.82
1080 1.2978 56.25 0.5018 62.62
1090 1.2254 56.25 0.5992 61.23
1100 0.8570 71.88 0.4492 63.44
1110 1.1318 62.50 0.4477 58.87
1120 1.0469 62.50 0.5206 58.17
1130 1.3941 59.38 0.5436 57.11
1140 1.0840 62.50 0.4294 63.90
1150 1.0107 62.50 0.4695 64.23
1160 1.1774 53.12 0.4378 64.79
1170 0.9514 71.88 0.4538 63.82
1180 0.9608 62.50 0.4211 64.10
1190 0.9191 71.88 0.4662 65.97
1200 0.9916 59.38 0.3409 65.05
1210 0.9485 65.62 0.5442 60.28
1220 1.0524 71.88 0.5524 63.95
1230 0.9826 59.38 0.4325 64.82
1240 0.9302 62.50 0.4513 66.29
1250 0.9440 78.12 0.6151 62.79
1260 1.1466 50.00 0.5685 60.38
1270 0.9928 71.88 0.5453 59.13
1280 1.1617 62.50 0.5903 61.62
1290 1.2673 59.38 0.5267 61.24
1300 0.8595 68.75 0.4055 66.16
1310 1.0333 65.62 0.5577 63.36
1320 1.1902 62.50 0.5506 64.30
1330 1.0737 59.38 0.5562 62.85
1340 1.2038 65.62 0.4432 63.57
1350 1.1817 65.62 0.4428 62.01
1360 1.3753 53.12 0.5862 63.01
1370 1.5740 40.62 0.6600 62.69
1380 1.3420 56.25 0.5820 58.89
1390 1.5780 62.50 0.6739 62.29
1400 1.5278 43.75 0.6069 63.75
1410 1.2947 56.25 0.5151 63.37
1420 1.3915 53.12 0.4189 61.00
1430 0.7233 71.88 0.4217 61.07
1440 0.9623 62.50 0.4385 58.14
1450 1.0077 65.62 0.4602 60.90
1460 1.0402 65.62 0.3852 61.55
1470 1.1634 65.62 0.5682 63.28
1480 0.8137 65.62 0.4590 66.72
1490 1.2686 59.38 0.4719 63.95
1500 1.2737 59.38 0.6415 61.90
1510 1.1743 68.75 0.4702 58.35
1520 0.9863 65.62 0.4311 63.09
1530 1.4097 53.12 0.6397 63.33
1540 0.8386 71.88 0.3762 59.76
1550 1.1983 62.50 0.4674 63.18
1560 0.8949 71.88 0.6007 65.57
1570 1.0883 56.25 0.5834 64.18
1580 1.2142 59.38 0.4205 61.39
1590 1.1680 56.25 0.6426 61.91
1600 0.7510 78.12 0.4098 66.67
1610 1.0264 65.62 0.5738 65.38
1620 1.0542 62.50 0.5060 63.42
1630 0.9926 62.50 0.4300 60.33
1640 1.1640 71.88 0.6336 61.47
1650 0.8672 71.88 0.4318 66.56
1660 1.2936 53.12 0.5285 61.59
1670 1.2002 59.38 0.4367 60.85
1680 0.9251 68.75 0.4664 59.65
1690 1.1211 59.38 0.4606 62.32
1700 1.3457 53.12 0.4767 65.14
1710 1.1001 56.25 0.4620 68.47
1720 0.9039 68.75 0.4830 69.21
1730 0.6469 78.12 0.4041 66.28
1740 1.1236 59.38 0.3687 64.30
1750 1.2032 53.12 0.5996 65.90
1760 0.8802 71.88 0.3658 62.10
1770 0.8222 65.62 0.4874 67.25
1780 1.0719 68.75 0.4180 63.49
1790 0.9606 65.62 0.4627 62.89
1800 1.1595 59.38 0.4178 61.20
1810 0.7357 68.75 0.4992 61.80
1820 1.5496 43.75 0.6488 60.11
1830 1.2717 50.00 0.5472 59.94
1840 1.1299 59.38 0.4931 63.64
1850 0.9787 68.75 0.5126 62.77
1860 0.9994 59.38 0.5706 63.01
1870 1.1165 68.75 0.4398 58.58
