batch class_loss class_acc conf_loss conf
0 1.2348 50.00 0.4788 65.54
10 1.0879 62.50 0.4409 64.24
20 1.1633 50.00 0.5735 66.60
30 1.0530 65.62 0.5461 62.53
40 1.0327 62.50 0.5102 61.51
50 1.1887 59.38 0.4003 62.95
60 1.1051 56.25 0.8421 62.40
70 1.4300 50.00 0.4705 60.65
80 1.4554 40.62 0.4655 54.46
90 0.7828 75.00 0.4751 57.50
100 1.4111 59.38 0.6099 59.27
110 1.1044 62.50 0.5731 60.79
120 0.9302 65.62 0.4570 62.42
130 1.2218 53.12 0.3771 61.24
140 1.1921 56.25 0.4887 65.77
150 1.2043 56.25 0.6133 63.15
160 1.1227 56.25 0.3106 60.12
170 0.8919 68.75 0.4555 60.84
180 0.8801 65.62 0.5105 62.86
190 1.1577 68.75 0.6123 66.65
200 1.1529 56.25 0.5691 64.95
210 1.0590 62.50 0.3861 60.38
220 0.8103 68.75 0.4263 59.50
230 0.8100 71.88 0.5107 62.78
240 1.1286 65.62 0.4654 63.42
250 0.9784 62.50 0.6331 63.40
260 1.5676 53.12 0.4927 57.79
270 1.3930 53.12 0.5422 60.49
280 0.8476 75.00 0.5035 59.31
290 1.2024 62.50 0.3922 57.48
300 1.0181 68.75 0.3947 64.09
310 0.9397 68.75 0.5450 65.47
320 1.0097 59.38 0.4649 65.61
330 1.0908 65.62 0.5546 61.70
340 0.7882 78.12 0.5043 56.99
350 1.4674 50.00 0.7109 61.52
360 0.8471 68.75 0.4863 64.89
370 1.2700 62.50 0.6536 67.33
380 0.8782 75.00 0.7019 65.40
390 1.1138 46.88 0.4681 64.67
400 1.2367 46.88 0.6477 61.36
410 1.0758 62.50 0.4391 60.50
420 1.1192 59.38 0.5118 61.65
430 0.7328 81.25 0.3380 65.74
440 0.9162 71.88 0.5700 64.49
450 1.2248 59.38 0.4619 68.95
460 0.8716 71.88 0.3766 66.72
470 1.3021 65.62 0.4750 64.72
480 1.3474 46.88 0.5522 60.14
490 1.0946 59.38 0.5428 60.81
500 0.6969 78.12 0.4797 62.11
510 1.0189 71.88 0.5311 60.11
520 1.1845 65.62 0.4488 66.05
530 1.5998 56.25 0.7047 61.77
540 0.9508 62.50 0.4785 62.11
550 1.0339 62.50 0.4125 57.96
560 1.0687 56.25 0.4742 57.64
570 1.1710 59.38 0.6034 62.87
580 0.9451 65.62 0.5106 62.87
590 1.4938 56.25 0.6293 62.29
600 1.0113 71.88 0.4601 63.61
610 1.1658 56.25 0.5306 62.11
620 1.0527 59.38 0.5414 60.57
630 0.9084 71.88 0.4428 60.50
640 1.2428 50.00 0.5608 62.71
650 1.2412 53.12 0.6333 56.88
660 1.0703 56.25 0.4673 61.64
670 0.8481 75.00 0.5227 62.26
680 1.4152 46.88 0.7568 66.59
690 0.9038 68.75 0.5508 66.33
700 1.3699 59.38 0.6522 61.24
710 1.2276 53.12 0.6058 62.62
720 1.2028 53.12 0.4643 61.38
730 1.3253 56.25 0.4791 60.92
740 0.7459 81.25 0.5000 64.80
750 1.1644 62.50 0.4757 62.62
760 0.9704 68.75 0.4060 65.38
770 1.2181 56.25 0.6178 65.59
780 1.0824 50.00 0.6178 58.88
790 0.8706 75.00 0.5691 61.04
800 1.2346 53.12 0.4128 59.00
810 1.0742 62.50 0.4553 60.51
820 1.1597 68.75 0.3881 62.34
830 1.2702 50.00 0.5288 58.15
840 0.7564 78.12 0.5317 68.14
850 0.8410 78.12 0.3944 67.32
860 1.6618 50.00 0.7216 63.91
870 0.9523 68.75 0.4729 63.70
880 0.9419 68.75 0.3533 63.52
890 1.1244 59.38 0.4556 59.86
900 1.1733 68.75 0.5830 62.16
910 1.1795 56.25 0.3984 60.03
920 1.0157 68.75 0.4028 62.05
930 0.8854 71.88 0.3811 65.25
940 0.7893 75.00 0.3708 62.34
950 1.1277 56.25 0.4749 64.52
960 1.3278 46.88 0.5101 63.65
970 1.2067 53.12 0.6075 60.13
980 1.1514 56.25 0.4818 59.83
990 1.0629 65.62 0.3522 61.38
1000 0.9192 65.62 0.4697 65.53
1010 1.0416 62.50 0.3729 62.52
1020 0.9937 75.00 0.6030 64.78
1030 1.1743 59.38 0.4476 60.17
1040 0.8432 68.75 0.3938 61.83
1050 1.1887 53.12 0.4419 60.86
1060 1.0231 59.38 0.5259 61.99
1070 1.1443 59.38 0.5472 59.44
1080 1.6715 53.12 0.6314 57.98
1090 1.3741 56.25 0.5688 61.68
1100 1.1768 62.50 0.5868 63.47
1110 1.0837 56.25 0.5454 63.96
1120 1.3254 62.50 0.6477 59.56
1130 1.2098 62.50 0.5620 61.75
1140 0.8749 68.75 0.3257 61.57
1150 0.8921 71.88 0.4656 64.28
1160 1.0571 65.62 0.4380 63.07
1170 1.3614 56.25 0.5276 63.07
1180 1.0239 65.62 0.4565 61.08
1190 1.4987 59.38 0.5347 59.22
1200 1.3604 50.00 0.6954 59.73
1210 1.0658 65.62 0.4522 61.97
1220 1.7104 37.50 0.9057 64.24
1230 1.1400 59.38 0.5575 63.00
1240 1.4340 43.75 0.9294 64.77
1250 1.0657 59.38 0.4517 61.68
1260 0.8557 71.88 0.4773 62.88
1270 1.1862 56.25 0.5636 63.61
1280 0.8098 78.12 0.4267 59.47
1290 0.7809 71.88 0.4419 65.40
1300 1.1840 62.50 0.4212 60.37
1310 0.9741 62.50 0.3321 62.32
1320 1.3653 50.00 0.5041 63.92
1330 1.1150 68.75 0.4557 63.99
1340 1.2565 56.25 0.4095 58.91
1350 1.3901 59.38 0.5572 55.46
1360 1.0569 62.50 0.4137 58.83
1370 1.3707 59.38 0.4414 59.83
1380 0.8335 75.00 0.4464 63.96
1390 0.9152 71.88 0.4210 67.19
1400 0.8832 78.12 0.5066 65.49
1410 1.1355 53.12 0.5986 63.15
1420 1.1945 62.50 0.5585 59.80
1430 0.9693 71.88 0.5095 61.92
1440 1.1228 62.50 0.4644 63.74
1450 1.3112 50.00 0.5543 59.84
1460 1.4381 46.88 0.5641 59.73
1470 1.1339 65.62 0.3703 61.96
1480 1.1950 53.12 0.5560 61.17
1490 1.2612 56.25 0.4515 66.81
1500 1.4002 59.38 0.6326 58.45
1510 0.8956 71.88 0.4985 60.09
1520 0.9598 62.50 0.4139 58.34
1530 1.1196 56.25 0.5109 62.17
1540 0.9634 59.38 0.3844 63.15
1550 1.1474 65.62 0.4679 62.06
1560 0.9795 65.62 0.4239 63.55
1570 0.7192 81.25 0.5070 61.92
1580 0.8433 78.12 0.3692 66.51
1590 1.0369 62.50 0.4609 67.95
1600 1.4559 53.12 0.5232 66.47
1610 1.3963 50.00 0.5634 60.32
1620 1.0088 65.62 0.3996 59.82
1630 0.7777 68.75 0.4403 62.33
1640 1.0734 65.62 0.5244 60.96
1650 1.0214 59.38 0.4473 63.06
1660 1.4122 56.25 0.4824 63.03
1670 1.1876 62.50 0.3759 61.53
1680 1.2950 53.12 0.4511 60.48
1690 0.8668 59.38 0.5774 61.10
1700 1.0835 59.38 0.4991 60.55
1710 1.0759 68.75 0.4894 62.00
1720 1.3515 53.12 0.6160 60.34
1730 0.9272 71.88 0.5840 60.78
1740 1.0834 62.50 0.4205 67.03
1750 1.2064 53.12 0.6130 65.45
1760 0.9262 68.75 0.3846 64.74
1770 1.4525 50.00 0.4131 65.30
1780 0.9636 59.38 0.3843 61.65
1790 0.8652 68.75 0.3952 65.51
1800 0.9429 65.62 0.5107 63.13
1810 1.0413 71.88 0.6471 65.66
1820 0.9899 71.88 0.3813 58.21
1830 0.9866 59.38 0.5036 60.76
1840 1.3035 50.00 0.5430 65.00
1850 1.0347 62.50 0.4506 62.44
1860 0.9758 68.75 0.4536 61.03
1870 1.5808 40.62 0.6592 58.94
