batch class_loss class_acc conf_loss conf
0 1.6589 43.75 0.8844 65.75
10 1.2126 59.38 0.5306 59.68
20 1.3468 50.00 0.4182 56.88
30 1.1114 59.38 0.4280 57.93
40 1.0480 65.62 0.5038 62.55
50 1.0185 68.75 0.5962 63.49
60 1.0657 62.50 0.5504 64.22
70 1.0598 62.50 0.3674 61.22
80 0.7369 75.00 0.3944 60.91
90 1.5659 46.88 0.5074 64.51
100 1.3725 50.00 0.5452 67.11
110 0.7793 71.88 0.4120 65.95
120 1.1274 68.75 0.5717 64.90
130 0.9858 65.62 0.4670 65.48
140 0.7989 62.50 0.4155 59.78
150 0.9576 65.62 0.4730 61.49
160 1.2044 53.12 0.6088 62.51
170 0.9546 68.75 0.4817 65.83
180 1.0257 65.62 0.5235 66.85
190 0.8787 75.00 0.4849 61.78
200 1.0104 65.62 0.4448 62.10
210 0.9064 71.88 0.4635 61.59
220 1.0421 59.38 0.5417 65.05
230 1.5369 34.38 0.7265 60.90
240 1.1396 59.38 0.5576 59.63
250 1.1635 59.38 0.5287 63.29
260 1.4330 56.25 0.4593 59.90
270 0.8513 68.75 0.3914 58.19
280 1.0909 59.38 0.4648 56.26
290 1.5075 50.00 0.6675 59.75
300 1.0351 65.62 0.5692 64.11
310 1.0532 59.38 0.4370 66.29
320 0.8959 75.00 0.3777 64.20
330 1.0198 68.75 0.4325 61.66
340 1.1832 56.25 0.5000 62.99
350 1.0104 68.75 0.4034 66.08
360 0.9238 68.75 0.4572 64.19
370 1.0776 65.62 0.3609 64.71
380 0.9803 62.50 0.5472 65.12
390 0.7917 65.62 0.4090 62.14
400 1.1593 53.12 0.5009 64.48
410 1.0410 71.88 0.5445 62.78
420 1.0838 56.25 0.4943 62.18
430 1.3534 56.25 0.5000 59.76
440 1.1377 53.12 0.3579 60.43
450 0.9172 68.75 0.4907 60.88
460 1.1262 59.38 0.4329 62.04
470 0.7918 71.88 0.5031 60.82
480 1.3797 56.25 0.4835 55.79
490 0.7126 78.12 0.4092 62.91
500 1.0173 65.62 0.4728 60.92
510 0.8668 71.88 0.4925 61.66
520 1.7340 37.50 0.6719 60.33
530 0.7252 78.12 0.4258 62.49
540 0.8934 81.25 0.4718 63.09
550 0.8028 78.12 0.4858 63.94
560 1.4616 46.88 0.7199 64.59
570 1.0444 62.50 0.5102 61.15
580 1.2532 56.25 0.4058 57.36
590 0.9760 65.62 0.3543 62.81
600 1.0609 68.75 0.5319 63.00
610 1.2362 56.25 0.4158 62.83
620 1.0120 65.62 0.5351 66.08
630 1.3338 56.25 0.5921 66.18
640 1.2683 59.38 0.5251 60.73
650 1.5012 53.12 0.4182 58.64
660 0.9587 71.88 0.5089 64.45
670 1.1332 56.25 0.4787 62.06
680 0.9688 71.88 0.4840 65.80
690 1.1184 62.50 0.4994 64.42
700 1.2239 56.25 0.5794 61.09
710 1.2319 59.38 0.5653 62.44
720 1.1995 68.75 0.6244 64.05
730 1.2411 56.25 0.5754 62.63
740 1.1867 68.75 0.5116 63.77
750 1.4715 53.12 0.5298 64.03
760 1.3115 46.88 0.5202 63.15
770 1.1293 53.12 0.5602 63.76
780 1.2809 56.25 0.6074 59.18
790 0.9692 62.50 0.5926 59.79
800 1.1852 56.25 0.7259 59.09
810 1.3529 53.12 0.4964 61.13
820 1.0254 59.38 0.4444 59.62
830 1.2554 59.38 0.5959 66.54
840 1.0282 62.50 0.5477 62.00
850 0.8103 75.00 0.3762 64.67
860 0.9003 59.38 0.5174 64.13
870 0.9190 75.00 0.4275 61.18
880 0.6844 81.25 0.4646 64.47
890 0.8193 65.62 0.3432 64.79
900 1.3159 56.25 0.5181 64.83
910 1.1083 68.75 0.5221 66.82
920 0.9016 75.00 0.4633 61.19
930 0.6821 81.25 0.3363 63.96
940 1.2748 59.38 0.4685 59.85
950 1.5682 50.00 0.5010 57.23
960 1.6086 43.75 0.4167 59.22
970 0.8070 71.88 0.4369 62.66
980 1.8414 43.75 0.5292 59.21
990 1.0013 68.75 0.4461 62.85
1000 0.7874 71.88 0.4332 62.64
1010 0.9296 65.62 0.6342 66.78
1020 1.0943 71.88 0.4780 62.32
1030 1.0893 65.62 0.4448 62.49
1040 1.0885 62.50 0.4965 64.49
1050 1.4687 43.75 0.7531 63.69
1060 1.0535 62.50 0.4426 64.82
1070 1.2475 56.25 0.5399 63.50
1080 1.0796 62.50 0.4865 63.13
1090 0.9239 68.75 0.3473 63.18
1100 1.2039 59.38 0.4701 58.47
1110 1.3465 50.00 0.5587 61.62
1120 1.1604 68.75 0.6111 64.05
1130 1.1814 59.38 0.4671 60.64
1140 1.0125 59.38 0.5478 61.78
1150 1.0636 62.50 0.5020 61.21
1160 0.7751 65.62 0.3668 61.48
1170 1.4133 50.00 0.5927 62.54
1180 1.6440 40.62 0.5752 60.41
1190 1.3080 65.62 0.7587 63.24
1200 1.5748 46.88 0.5912 61.89
1210 0.6551 78.12 0.4063 63.58
1220 1.2918 59.38 0.3988 61.85
1230 1.2576 59.38 0.5492 58.26
1240 1.0668 71.88 0.5840 67.10
1250 1.0771 71.88 0.4926 66.86
1260 1.2020 40.62 0.5055 61.29
1270 1.6500 50.00 0.6345 64.23
1280 1.0041 65.62 0.4975 61.04
1290 1.0521 59.38 0.5717 58.98
1300 1.0019 68.75 0.5792 63.79
1310 0.9951 56.25 0.3756 61.69
1320 1.3069 56.25 0.5203 63.61
1330 1.1722 53.12 0.4585 56.73
1340 1.2465 46.88 0.5602 58.52
1350 0.9550 62.50 0.5311 62.60
1360 0.8701 68.75 0.3540 63.66
1370 1.1322 53.12 0.5176 63.84
1380 0.9960 68.75 0.6600 66.37
1390 0.9697 65.62 0.4940 66.66
1400 1.3168 53.12 0.5129 60.85
1410 1.0588 62.50 0.4009 61.11
1420 1.1142 59.38 0.4131 57.79
1430 0.8594 75.00 0.3889 63.05
1440 1.1480 59.38 0.5603 59.81
1450 1.1842 59.38 0.5012 58.51
1460 0.9901 65.62 0.3470 59.56
1470 1.3068 56.25 0.4960 60.31
1480 1.0910 68.75 0.6292 58.21
1490 1.1024 56.25 0.5789 58.20
1500 1.0274 65.62 0.4811 60.25
1510 1.1021 62.50 0.5259 62.78
1520 1.1040 65.62 0.3972 63.00
1530 1.5584 46.88 0.4041 61.99
1540 1.1615 53.12 0.4673 61.71
1550 0.9963 62.50 0.4199 62.30
1560 1.0030 65.62 0.5412 62.27
1570 1.2777 59.38 0.5282 62.20
1580 1.3690 56.25 0.5510 64.45
1590 0.9604 71.88 0.4837 61.29
1600 0.9964 62.50 0.3593 63.38
1610 1.4526 62.50 0.4662 64.86
1620 1.0664 62.50 0.4537 64.16
1630 1.0042 68.75 0.4664 65.26
1640 1.0801 62.50 0.4884 61.83
1650 1.0318 59.38 0.5638 61.49
1660 0.8485 68.75 0.3925 64.27
1670 0.9507 68.75 0.4194 63.70
1680 1.2043 59.38 0.4851 59.36
1690 1.2938 68.75 0.6603 62.06
1700 1.4268 53.12 0.6306 66.09
1710 1.2804 56.25 0.4561 63.38
1720 0.8852 78.12 0.5850 65.88
1730 0.9102 71.88 0.5116 62.45
1740 0.8750 59.38 0.5798 61.81
1750 0.7316 78.12 0.4940 65.10
1760 0.9885 59.38 0.4394 61.39
1770 0.8539 75.00 0.4142 64.80
1780 0.6807 81.25 0.4837 70.03
1790 1.4105 56.25 0.6651 70.36
1800 1.4551 56.25 0.6413 60.39
1810 1.0605 68.75 0.5422 57.69
1820 1.2100 56.25 0.4797 58.88
1830 1.4124 56.25 0.6286 61.90
1840 1.1097 56.25 0.6461 61.76
1850 1.0656 62.50 0.4208 58.57
1860 1.0064 56.25 0.4708 57.08
1870 1.3290 62.50 0.4986 61.50
