batch class_loss class_acc conf_loss conf
0 1.2245 62.50 0.5590 55.63
10 1.1818 56.25 0.5422 56.66
20 1.2846 53.12 0.6184 60.25
30 1.3482 46.88 0.5037 63.07
40 1.1184 56.25 0.5710 61.49
50 0.9808 68.75 0.4805 57.48
60 0.9750 65.62 0.5131 60.40
70 0.8778 65.62 0.3334 62.75
80 1.0108 59.38 0.4904 61.13
90 1.1546 59.38 0.5166 61.87
100 1.3973 46.88 0.7825 64.87
110 1.2983 53.12 0.4058 56.95
120 1.1719 56.25 0.3727 59.97
130 1.6431 50.00 0.7066 61.71
140 1.0795 56.25 0.4119 62.55
150 0.9243 78.12 0.5342 65.87
160 0.9742 65.62 0.4232 62.93
170 1.1394 59.38 0.5011 60.52
180 1.1214 59.38 0.4671 61.31
190 1.3196 50.00 0.6815 62.98
200 0.8604 68.75 0.4902 65.72
210 1.2011 59.38 0.4329 60.54
220 1.5010 53.12 0.6138 59.45
230 1.2544 59.38 0.5406 63.68
240 1.1002 59.38 0.5258 62.52
250 0.8378 71.88 0.4662 61.49
260 1.0971 65.62 0.6576 66.86
270 1.2621 56.25 0.4835 63.94
280 1.3005 56.25 0.5980 60.34
290 0.7976 81.25 0.4584 63.22
300 1.3917 56.25 0.4455 59.56
310 0.8880 75.00 0.3693 64.50
320 1.0641 62.50 0.4297 60.20
330 0.7775 75.00 0.4941 63.55
340 1.3612 46.88 0.4358 60.54
350 1.1362 71.88 0.5357 61.03
360 1.3356 62.50 0.6240 62.74
370 1.2002 56.25 0.5933 58.46
380 1.2519 65.62 0.6207 61.70
390 0.9902 68.75 0.5399 59.55
400 0.8796 68.75 0.4342 64.70
410 1.3529 46.88 0.6451 65.82
420 0.9760 71.88 0.5212 62.98
430 1.1972 50.00 0.4957 55.37
440 1.1854 56.25 0.5801 57.34
450 0.8827 71.88 0.3512 63.00
460 0.9974 75.00 0.4904 62.40
470 1.3008 56.25 0.4262 65.92
480 1.2215 68.75 0.4946 67.51
490 1.5325 50.00 0.7068 61.77
500 1.2479 53.12 0.4938 56.73
510 1.0510 65.62 0.4350 61.35
520 1.0182 68.75 0.3788 63.11
530 1.0649 62.50 0.4785 65.44
540 1.1356 65.62 0.5352 66.38
550 1.3520 56.25 0.5133 62.30
560 1.2153 56.25 0.4981 61.66
570 1.1332 62.50 0.6137 65.35
580 1.0534 59.38 0.3777 59.13
590 1.0603 62.50 0.5289 63.51
600 1.2829 50.00 0.4799 62.47
610 0.7588 75.00 0.3615 60.77
620 1.2295 59.38 0.4963 56.94
630 1.3453 53.12 0.4888 60.80
640 1.3106 50.00 0.4024 61.04
650 1.3243 53.12 0.5737 62.93
660 0.9476 71.88 0.4741 59.38
670 1.0219 65.62 0.4669 58.90
680 0.9522 65.62 0.4430 63.23
690 1.2027 43.75 0.4948 65.84
700 0.8400 75.00 0.4937 60.32
710 1.0995 65.62 0.4329 57.01
720 1.0753 68.75 0.4822 60.57
730 0.8287 75.00 0.4712 61.93
740 1.1523 62.50 0.4989 60.71
750 0.7424 78.12 0.5786 62.41
760 1.3262 50.00 0.4885 63.70
770 1.0501 65.62 0.5677 60.18
780 0.9181 68.75 0.4835 64.21
790 1.5672 43.75 0.6401 65.27
800 1.1102 65.62 0.4857 59.22
810 1.6535 43.75 0.6619 59.95
820 0.7831 84.38 0.5032 61.20
830 1.0833 62.50 0.4621 65.98
840 1.1758 65.62 0.5836 67.53
850 1.1165 53.12 0.5965 65.35
860 1.0418 62.50 0.5172 62.54
870 1.1172 65.62 0.4822 56.75
880 0.9853 65.62 0.4749 61.44
890 1.0736 59.38 0.4936 63.60
900 1.4201 53.12 0.7744 62.41
910 1.1846 62.50 0.4687 58.10
920 0.9250 71.88 0.6422 55.62
930 0.9949 71.88 0.4010 59.27
940 1.3235 43.75 0.4897 61.18
950 0.9391 71.88 0.5159 62.60
960 1.4367 62.50 0.5084 66.66
970 1.3794 50.00 0.8255 66.89
980 1.1799 59.38 0.5286 61.36
990 1.5198 50.00 0.5221 56.23
1000 1.1333 62.50 0.5234 60.89
1010 0.6243 87.50 0.6287 62.48
1020 0.9486 62.50 0.3920 62.32
1030 1.3467 56.25 0.4076 61.98
1040 0.8529 65.62 0.3922 65.16
1050 1.1073 65.62 0.4572 62.87
1060 0.8913 68.75 0.5460 65.83
1070 0.9029 71.88 0.4955 62.64
1080 1.2727 50.00 0.5157 62.44
1090 1.0895 65.62 0.6103 60.36
1100 1.1116 65.62 0.5296 63.04
1110 1.3228 59.38 0.4058 60.07
1120 1.5777 43.75 0.6303 54.63
1130 1.2537 46.88 0.5057 56.39
1140 0.9581 71.88 0.5067 60.26
1150 0.9600 65.62 0.4446 60.65
1160 0.9581 71.88 0.4196 64.32
1170 0.7731 81.25 0.4371 64.79
1180 1.0051 65.62 0.4199 65.16
1190 0.9213 68.75 0.4884 68.45
1200 1.6510 34.38 0.7493 63.54
1210 1.4927 53.12 0.4672 57.30
1220 1.1839 56.25 0.6212 61.67
1230 0.8860 68.75 0.4210 62.12
1240 1.2615 65.62 0.6296 60.03
1250 1.0916 59.38 0.5872 60.56
1260 1.1441 56.25 0.4908 62.03
1270 1.1178 71.88 0.6310 60.76
1280 1.3044 53.12 0.6170 60.98
1290 0.8580 71.88 0.4138 63.01
1300 1.0256 59.38 0.4671 63.72
1310 0.9927 56.25 0.3728 61.76
1320 1.0727 56.25 0.6571 64.43
1330 0.9869 68.75 0.4225 63.17
1340 1.2689 65.62 0.4549 63.29
1350 0.9594 68.75 0.4457 61.31
1360 1.2480 56.25 0.4418 61.24
1370 0.7541 68.75 0.4843 63.39
1380 1.3180 53.12 0.4297 65.92
1390 1.4285 50.00 0.4515 61.49
1400 0.9461 75.00 0.5732 63.07
1410 1.5057 46.88 0.5146 61.31
1420 0.9526 65.62 0.4126 60.40
1430 1.2721 50.00 0.4772 60.58
1440 0.9681 68.75 0.4305 60.54
1450 1.4541 59.38 0.6324 61.04
1460 1.2476 68.75 0.5345 61.67
1470 0.8005 75.00 0.5125 63.99
1480 1.3044 59.38 0.5583 61.60
1490 1.3222 56.25 0.5929 67.46
1500 0.8952 65.62 0.5541 65.39
1510 1.3513 62.50 0.6022 63.57
1520 1.4043 50.00 0.5205 61.24
1530 1.2910 56.25 0.6320 65.40
1540 1.0234 59.38 0.5712 63.14
1550 1.3632 46.88 0.5428 55.33
1560 1.0153 62.50 0.5112 57.39
1570 1.2651 62.50 0.6044 60.94
1580 1.1897 68.75 0.5728 61.64
1590 1.3443 53.12 0.4698 62.38
1600 0.9585 65.62 0.5002 65.96
1610 0.9935 59.38 0.5173 60.91
1620 1.1925 62.50 0.4305 60.75
1630 1.1317 56.25 0.4312 57.18
1640 1.1872 56.25 0.5320 61.07
1650 1.2656 62.50 0.4528 60.78
1660 1.3087 53.12 0.4615 62.93
1670 0.9369 65.62 0.4349 59.73
1680 0.8632 71.88 0.4095 64.84
1690 0.9608 65.62 0.4587 60.74
1700 1.0556 62.50 0.4267 59.74
1710 1.1661 56.25 0.3802 64.46
1720 1.3458 50.00 0.4090 63.74
1730 1.6252 50.00 0.6468 61.89
1740 1.1678 62.50 0.7244 64.80
1750 1.0513 68.75 0.5565 60.47
1760 1.1001 62.50 0.3751 60.73
1770 1.0050 62.50 0.4117 66.02
1780 1.1396 59.38 0.6029 59.74
1790 1.0919 71.88 0.4756 62.15
1800 1.1881 56.25 0.5113 62.07
1810 1.0120 59.38 0.5019 66.38
1820 1.4884 46.88 0.5735 60.92
1830 0.9767 62.50 0.5200 61.19
1840 1.3722 56.25 0.6553 58.77
1850 0.8169 75.00 0.4105 62.47
1860 1.5160 46.88 0.6221 63.86
1870 0.7426 81.25 0.4261 62.06
