batch class_loss class_acc conf_loss conf
0 0.9392 75.00 0.6510 58.79
10 1.4344 50.00 0.5257 60.16
20 1.2471 59.38 0.5357 58.03
30 1.4874 46.88 0.8184 55.89
40 1.0207 65.62 0.5151 55.91
50 1.2959 50.00 0.4859 59.77
60 1.0766 68.75 0.4662 62.91
70 1.1411 59.38 0.5517 62.50
80 1.1955 56.25 0.6104 62.54
90 1.4349 59.38 0.5784 62.21
100 1.2212 50.00 0.4881 60.44
110 1.2446 46.88 0.5801 60.47
120 1.2214 62.50 0.6897 56.81
130 1.2200 53.12 0.5239 58.06
140 1.4887 46.88 0.6240 55.96
150 1.0822 62.50 0.6081 60.36
160 1.0177 75.00 0.5048 62.72
170 1.1123 62.50 0.5240 62.18
180 1.2971 62.50 0.5282 62.55
190 1.1772 59.38 0.4641 61.84
200 0.8907 68.75 0.4138 62.56
210 0.9676 62.50 0.4873 65.14
220 1.4433 43.75 0.5574 61.79
230 0.9278 71.88 0.4929 60.24
240 1.1039 65.62 0.4933 59.47
250 1.1243 59.38 0.4816 57.53
260 1.1813 59.38 0.4448 60.25
270 1.3251 59.38 0.4760 59.17
280 1.3408 56.25 0.5674 60.65
290 1.8141 37.50 0.7704 60.58
300 1.3352 50.00 0.4893 57.89
310 1.1636 62.50 0.4465 59.50
320 1.1344 62.50 0.6127 61.93
330 0.9940 65.62 0.4435 60.90
340 1.0309 65.62 0.5051 58.89
350 1.2179 59.38 0.3752 60.55
360 1.2114 62.50 0.5524 59.15
370 0.8974 71.88 0.5285 60.03
380 1.1242 62.50 0.6938 61.99
390 1.0770 68.75 0.4603 63.16
400 1.2741 62.50 0.4866 60.55
410 1.0329 65.62 0.6482 62.77
420 1.0730 59.38 0.5697 60.85
430 1.1304 53.12 0.5948 60.67
440 0.9733 71.88 0.5002 59.30
450 1.3874 56.25 0.6125 59.93
460 1.4227 56.25 0.5722 57.85
470 0.9840 75.00 0.5113 57.71
480 1.1972 56.25 0.3906 61.49
490 1.0075 71.88 0.5130 64.67
500 1.3887 59.38 0.5215 63.69
510 1.3386 59.38 0.6613 62.44
520 1.3126 43.75 0.5856 59.59
530 1.5045 46.88 0.6243 57.12
540 0.9487 68.75 0.5895 60.12
550 1.1379 62.50 0.5663 57.25
560 1.5760 50.00 0.5410 59.71
570 1.1120 59.38 0.4631 58.01
580 1.4657 53.12 0.5691 57.86
590 1.3889 43.75 0.4627 57.38
600 1.2723 59.38 0.5193 57.28
610 1.6097 50.00 0.6081 57.24
620 0.9420 68.75 0.3521 56.77
630 1.3950 50.00 0.6791 57.09
640 1.2264 56.25 0.4820 57.74
650 1.0558 65.62 0.5380 59.01
660 0.8605 75.00 0.5412 60.14
670 0.9142 68.75 0.4653 62.41
680 1.2774 53.12 0.3464 59.76
690 1.0822 62.50 0.4343 64.35
700 1.1527 62.50 0.5224 63.14
710 1.1443 65.62 0.5144 59.81
720 1.3146 56.25 0.6656 60.89
730 1.2357 56.25 0.4391 60.91
740 1.4501 53.12 0.5608 58.84
750 1.5399 50.00 0.7006 59.51
760 1.0552 68.75 0.6879 56.33
770 1.2584 62.50 0.5973 59.21
780 0.8239 71.88 0.4267 63.65
790 1.4293 53.12 0.7489 62.39
800 1.3768 50.00 0.5744 62.12
810 1.0841 59.38 0.4387 60.27
820 1.3221 59.38 0.5196 60.14
830 1.0829 68.75 0.4764 61.71
840 1.1797 53.12 0.5019 61.99
850 1.2265 53.12 0.5637 64.51
860 1.4376 56.25 0.4879 58.59
870 1.0899 65.62 0.5899 61.98
880 1.1791 65.62 0.4567 63.15
890 1.1044 62.50 0.5051 60.87
900 0.9652 68.75 0.5588 60.85
910 1.2309 62.50 0.5457 61.24
920 1.1193 53.12 0.4711 60.55
930 1.1274 65.62 0.5451 62.31
940 1.0292 62.50 0.5383 63.74
950 1.0193 59.38 0.5340 60.65
960 1.6899 43.75 0.6655 56.11
970 1.0083 62.50 0.4154 60.43
980 0.6997 81.25 0.4570 62.56
990 0.9348 71.88 0.5992 61.67
1000 1.3526 43.75 0.5800 64.46
1010 0.9843 65.62 0.4789 64.56
1020 1.1651 50.00 0.5781 58.55
1030 1.4860 40.62 0.5069 56.69
1040 0.9410 68.75 0.4546 57.90
1050 1.3564 62.50 0.6671 58.53
1060 0.8832 59.38 0.5359 62.40
1070 1.2725 62.50 0.5679 60.08
1080 0.7713 81.25 0.4696 62.44
1090 1.0197 62.50 0.4909 62.99
1100 0.7484 75.00 0.4843 64.58
1110 0.8531 71.88 0.4516 65.97
1120 1.1517 62.50 0.5270 61.14
1130 1.0575 65.62 0.4617 60.52
1140 0.7879 75.00 0.4161 61.08
1150 0.8297 68.75 0.5308 64.66
1160 0.9171 75.00 0.5732 63.14
1170 1.1713 56.25 0.4815 60.93
1180 1.1925 59.38 0.4989 60.13
1190 1.0838 56.25 0.4269 61.77
1200 1.3216 62.50 0.4974 61.01
1210 0.9804 62.50 0.4160 59.96
1220 0.8273 78.12 0.4639 60.39
1230 1.3931 56.25 0.7572 62.48
1240 1.0625 59.38 0.4299 63.29
1250 0.9988 62.50 0.4974 61.06
1260 0.8634 68.75 0.6531 63.16
1270 1.0311 65.62 0.5807 64.63
1280 1.2609 50.00 0.5553 59.73
1290 0.9020 65.62 0.4842 65.19
1300 1.2049 56.25 0.5427 64.58
1310 0.6883 75.00 0.5198 64.18
1320 1.1321 62.50 0.6333 65.35
1330 1.0886 65.62 0.4732 62.47
1340 1.0592 68.75 0.5355 59.85
1350 1.1403 65.62 0.4886 65.02
1360 1.4411 53.12 0.5858 61.08
1370 0.8838 68.75 0.5292 61.04
1380 1.0595 62.50 0.5267 63.95
1390 1.0057 65.62 0.4349 64.04
1400 1.2767 56.25 0.4722 61.77
1410 1.2236 62.50 0.5298 59.30
1420 1.0566 56.25 0.5647 59.84
1430 0.8876 68.75 0.5772 59.68
1440 1.0477 65.62 0.5383 60.52
1450 0.7076 75.00 0.4062 61.40
1460 0.7985 65.62 0.4684 61.30
1470 1.3195 56.25 0.4515 63.79
1480 1.1076 65.62 0.4330 60.15
1490 0.8505 71.88 0.4624 64.02
1500 1.1504 62.50 0.5282 59.53
1510 0.9241 71.88 0.4457 59.69
1520 1.6489 37.50 0.6905 62.24
1530 0.9360 71.88 0.5104 58.34
1540 0.9135 75.00 0.4973 58.37
1550 1.2227 59.38 0.4999 59.92
1560 1.2347 53.12 0.5130 64.40
1570 1.1885 65.62 0.5658 62.84
1580 1.4686 50.00 0.5245 61.34
1590 1.1862 59.38 0.4599 60.29
1600 1.3491 59.38 0.5430 59.21
1610 1.1194 59.38 0.5133 59.31
1620 1.4911 50.00 0.6134 60.08
1630 1.1890 46.88 0.4902 58.47
1640 1.1470 50.00 0.4583 55.77
1650 0.8280 71.88 0.4526 56.92
1660 1.2312 56.25 0.6294 62.60
1670 0.8277 68.75 0.5919 61.73
1680 1.7402 50.00 0.5276 61.56
1690 1.2627 46.88 0.7032 62.39
1700 1.1983 59.38 0.5803 63.83
1710 1.4004 53.12 0.6221 64.17
1720 1.5571 43.75 0.4439 60.24
1730 0.6907 78.12 0.4834 59.64
1740 1.2808 59.38 0.4962 61.68
1750 1.1980 59.38 0.5925 64.03
1760 1.0948 59.38 0.5300 63.22
1770 1.2411 59.38 0.4698 63.06
1780 0.8668 68.75 0.4658 62.81
1790 1.0867 65.62 0.6129 61.16
1800 1.5061 53.12 0.5708 61.35
1810 1.4085 46.88 0.4364 60.44
1820 0.9846 59.38 0.5213 60.98
1830 1.1081 65.62 0.3877 60.21
1840 1.1060 59.38 0.4868 61.51
1850 1.1629 56.25 0.5020 60.74
1860 1.3100 50.00 0.6844 63.94
1870 1.1813 53.12 0.5161 60.67
