batch class_loss class_acc conf_loss conf
0 1.1106 71.88 0.6040 62.16
10 1.4287 50.00 0.5217 64.04
20 1.2000 59.38 0.5229 65.25
30 0.7828 75.00 0.4359 60.91
40 0.9067 75.00 0.5244 63.24
50 1.3999 50.00 0.4875 63.06
60 1.0675 59.38 0.3834 65.12
70 1.1919 59.38 0.4639 66.78
80 1.1014 62.50 0.7138 62.52
90 1.1339 65.62 0.4790 60.94
100 1.0043 68.75 0.5823 66.55
110 1.0383 65.62 0.5527 61.70
120 1.1041 65.62 0.6464 65.38
130 0.8847 68.75 0.3926 63.45
140 0.7872 75.00 0.4241 67.08
150 0.6754 81.25 0.4724 63.75
160 1.1816 59.38 0.5358 61.10
170 1.0736 68.75 0.5012 63.73
180 0.8503 68.75 0.5124 62.89
190 1.0838 62.50 0.5008 56.63
200 1.1032 65.62 0.5656 57.90
210 1.1779 56.25 0.4871 60.87
220 1.0585 65.62 0.4566 64.74
230 0.8793 65.62 0.3873 64.05
240 1.3936 59.38 0.5565 65.16
250 1.0495 65.62 0.5462 63.32
260 1.4268 50.00 0.4955 64.81
270 1.3001 62.50 0.5825 60.58
280 1.2250 68.75 0.5040 66.64
290 1.0409 62.50 0.4936 66.40
300 0.9706 62.50 0.4067 63.32
310 1.1489 56.25 0.4181 60.46
320 0.7860 68.75 0.5491 65.49
330 0.9826 59.38 0.4096 64.90
340 1.3415 50.00 0.5747 63.82
350 1.0533 62.50 0.5610 64.37
360 1.1143 62.50 0.4847 60.77
370 1.2352 62.50 0.4044 60.47
380 1.3138 56.25 0.4696 64.79
390 0.8779 71.88 0.4967 67.24
400 1.0459 62.50 0.5459 60.66
410 1.0456 59.38 0.3647 62.39
420 1.1701 59.38 0.4910 56.12
430 1.1212 53.12 0.5335 54.88
440 1.2581 50.00 0.5423 60.64
450 1.2545 53.12 0.4716 60.94
460 0.8056 78.12 0.4472 60.49
470 1.0495 62.50 0.5127 62.47
480 0.8581 75.00 0.5435 64.41
490 0.8851 62.50 0.3525 61.24
500 1.0621 53.12 0.6169 61.58
510 0.8030 78.12 0.4458 59.48
520 1.1075 59.38 0.5369 64.66
530 1.0506 71.88 0.5513 64.44
540 0.9965 65.62 0.7153 65.84
550 1.2707 53.12 0.7177 66.69
560 1.2425 62.50 0.4799 64.01
570 1.0372 62.50 0.2987 61.05
580 0.8011 78.12 0.4947 65.90
590 1.2096 56.25 0.4985 62.34
600 1.0832 59.38 0.4818 64.22
610 0.7969 71.88 0.4501 64.17
620 1.0879 59.38 0.3293 64.45
630 1.1462 59.38 0.6254 64.55
640 1.1845 62.50 0.6803 61.63
650 1.0040 65.62 0.5382 62.25
660 0.9805 68.75 0.5228 58.74
670 1.3132 56.25 0.4089 61.21
680 1.1061 68.75 0.4273 62.95
690 0.8723 62.50 0.4999 63.91
700 1.1823 59.38 0.5224 61.14
710 1.2896 59.38 0.4373 59.19
720 1.0906 68.75 0.5068 69.43
730 1.1407 65.62 0.3944 63.73
740 1.2022 56.25 0.5387 62.58
750 1.1290 53.12 0.4695 64.80
760 1.2761 65.62 0.6672 61.69
770 0.6583 84.38 0.5414 59.93
780 1.0339 68.75 0.4025 60.02
790 0.9549 78.12 0.4765 63.53
800 0.9202 65.62 0.5223 65.82
810 1.1246 75.00 0.6003 63.96
820 1.0563 68.75 0.4266 62.23
830 1.1069 59.38 0.5174 62.14
840 1.2529 53.12 0.8142 62.49
850 1.4122 46.88 0.4830 62.27
860 1.2456 56.25 0.5788 63.14
870 1.1594 65.62 0.5263 58.73
880 1.1252 68.75 0.5800 65.73
890 1.0386 65.62 0.4940 65.72
900 0.9723 62.50 0.3739 62.72
910 0.9823 65.62 0.4029 62.10
920 1.3167 53.12 0.4822 65.09
930 0.9152 68.75 0.4007 64.70
940 0.7147 75.00 0.3683 70.28
950 1.0573 56.25 0.4717 67.65
960 1.1470 62.50 0.5072 57.56
970 0.8361 75.00 0.4014 60.31
980 1.0858 62.50 0.4291 61.72
990 1.1267 59.38 0.5685 62.18
1000 0.9891 62.50 0.4176 59.48
1010 0.8986 65.62 0.5403 60.17
1020 1.2324 46.88 0.6038 65.84
1030 1.1150 62.50 0.4830 61.96
1040 0.8814 75.00 0.4733 61.83
1050 0.9746 65.62 0.3764 66.41
1060 1.1340 62.50 0.5340 61.60
1070 1.2078 59.38 0.5336 60.98
1080 1.2721 50.00 0.4831 66.08
1090 0.9908 65.62 0.4757 62.12
1100 0.9292 65.62 0.6232 64.38
1110 0.9642 68.75 0.3613 65.04
1120 1.2928 59.38 0.5422 60.92
1130 1.0201 68.75 0.4143 61.48
1140 1.1374 59.38 0.5306 65.82
1150 1.2709 43.75 0.5551 61.76
1160 0.9719 65.62 0.4486 64.07
1170 1.1475 68.75 0.4963 64.22
1180 0.9170 78.12 0.5445 56.95
1190 1.1110 65.62 0.5314 58.08
1200 1.4130 56.25 0.5827 64.20
1210 1.0950 62.50 0.4957 64.65
1220 1.0686 65.62 0.5506 60.88
1230 0.8441 78.12 0.4493 63.41
1240 0.9671 59.38 0.4327 61.28
1250 1.7545 40.62 0.5585 61.74
1260 0.8420 78.12 0.5653 63.09
1270 1.0925 68.75 0.4036 59.65
1280 1.1685 53.12 0.4030 62.62
1290 1.1100 56.25 0.5365 61.33
1300 1.0284 71.88 0.5032 61.63
1310 0.9683 62.50 0.4626 64.53
1320 1.0909 56.25 0.3739 61.17
1330 1.6091 46.88 0.4034 58.83
1340 0.7960 71.88 0.4688 64.72
1350 0.8365 68.75 0.4185 63.34
1360 1.0864 56.25 0.4492 64.15
1370 1.0548 56.25 0.3967 57.61
1380 1.5770 46.88 0.5613 55.09
1390 1.0377 56.25 0.3769 61.66
1400 0.6594 84.38 0.5285 62.46
1410 0.8630 65.62 0.4097 64.87
1420 1.2697 53.12 0.6334 65.30
1430 1.1126 59.38 0.6540 63.08
1440 1.2213 65.62 0.5373 64.63
1450 1.0373 68.75 0.5579 59.48
1460 0.9046 71.88 0.4808 61.65
1470 1.4510 59.38 0.6769 62.86
1480 1.0180 68.75 0.5053 61.93
1490 0.9079 75.00 0.4610 62.94
1500 1.2450 59.38 0.4962 61.42
1510 0.8217 78.12 0.5876 64.13
1520 1.1723 62.50 0.5436 62.07
1530 1.5695 50.00 0.6319 59.67
1540 1.6575 37.50 0.5989 60.99
1550 1.3811 56.25 0.5675 61.74
1560 0.9807 62.50 0.5092 56.73
1570 1.1405 59.38 0.4332 63.18
1580 1.1581 62.50 0.4802 59.89
1590 1.2024 65.62 0.6229 63.33
1600 1.2428 68.75 0.5477 61.54
1610 1.2011 56.25 0.5792 60.67
1620 0.9150 75.00 0.5150 66.66
1630 0.8888 75.00 0.4349 64.93
1640 0.8969 75.00 0.4857 66.33
1650 1.3542 46.88 0.6051 62.95
1660 0.8609 71.88 0.4167 65.37
1670 0.8946 71.88 0.4611 68.62
1680 1.1239 56.25 0.4638 64.34
1690 1.8989 34.38 0.6863 62.87
1700 1.2710 59.38 0.5576 63.73
1710 0.9389 68.75 0.5192 62.14
1720 1.5669 50.00 0.5141 63.87
1730 0.6845 71.88 0.5261 63.59
1740 1.1261 59.38 0.4522 62.27
1750 1.2051 53.12 0.4273 62.60
1760 0.9924 65.62 0.3700 61.51
1770 1.1650 59.38 0.4604 64.60
1780 1.1383 62.50 0.5841 65.51
1790 0.7227 75.00 0.5260 63.61
1800 0.9451 62.50 0.4868 65.90
1810 1.7690 50.00 0.7022 62.41
1820 0.9793 65.62 0.3365 62.80
1830 1.3235 46.88 0.3967 59.21
1840 0.9078 68.75 0.4691 62.88
1850 0.9921 68.75 0.4652 65.91
1860 1.2110 56.25 0.4550 63.37
1870 0.9530 68.75 0.4413 60.22
