batch class_loss class_acc conf_loss conf
0 1.1434 62.50 0.5106 60.07
10 1.0050 65.62 0.4751 59.92
20 1.1526 65.62 0.5931 60.09
30 1.2885 56.25 0.4513 58.84
40 1.5206 40.62 0.6711 66.19
50 0.7110 87.50 0.5375 60.67
60 0.7558 75.00 0.4376 64.82
70 1.3828 53.12 0.5929 67.23
80 1.3765 50.00 0.5083 61.93
90 1.2419 50.00 0.5712 61.39
100 1.0634 56.25 0.4199 59.59
110 1.1082 62.50 0.5433 60.38
120 0.9259 62.50 0.4098 64.29
130 1.1411 53.12 0.3660 67.27
140 1.5669 43.75 0.6619 63.29
150 0.9863 68.75 0.4794 58.78
160 1.0530 75.00 0.5169 59.26
170 0.9967 75.00 0.4720 66.29
180 1.1039 53.12 0.6849 62.88
190 1.0074 65.62 0.3714 62.84
200 1.2188 50.00 0.5378 61.64
210 1.1345 53.12 0.4669 61.20
220 0.9619 59.38 0.4707 56.76
230 1.1123 59.38 0.5035 59.12
240 0.8888 75.00 0.4128 63.82
250 1.1003 65.62 0.6061 60.11
260 1.0360 68.75 0.4455 59.70
270 0.9244 68.75 0.6020 63.27
280 1.4496 50.00 0.4667 59.96
290 1.5564 46.88 0.6673 63.13
300 1.0286 65.62 0.3808 64.13
310 0.7534 78.12 0.4562 63.91
320 1.2815 62.50 0.6286 61.40
330 1.1714 59.38 0.5253 63.28
340 1.0445 59.38 0.5838 58.89
350 1.1646 62.50 0.4604 61.09
360 1.1118 62.50 0.6280 60.65
370 1.0302 56.25 0.4586 58.34
380 1.3842 56.25 0.7491 58.68
390 1.6606 46.88 0.5118 61.64
400 1.2773 53.12 0.5603 62.28
410 0.8161 78.12 0.4910 63.42
420 0.9473 71.88 0.4027 60.83
430 1.1285 68.75 0.5482 60.65
440 1.1800 50.00 0.5014 61.19
450 1.0287 65.62 0.4820 61.91
460 1.1340 62.50 0.5670 61.34
470 1.1772 65.62 0.4783 57.11
480 1.0030 59.38 0.4368 62.73
490 1.1990 46.88 0.5437 63.69
500 1.5112 50.00 0.4388 61.79
510 1.0232 65.62 0.4489 61.37
520 1.1404 53.12 0.4332 57.79
530 1.1612 59.38 0.4054 62.96
540 0.9765 50.00 0.3998 62.91
550 1.1981 53.12 0.6655 55.05
560 1.2349 62.50 0.6393 59.07
570 1.3419 56.25 0.3927 59.70
580 1.3564 59.38 0.5013 60.57
590 1.1351 59.38 0.4796 64.74
600 1.0172 62.50 0.3933 66.80
610 1.3789 59.38 0.5978 58.39
620 1.0952 68.75 0.4894 58.81
630 0.8783 62.50 0.4716 62.82
640 0.9175 65.62 0.3200 63.14
650 1.1864 56.25 0.5191 65.80
660 1.2140 62.50 0.3455 62.87
670 1.0963 59.38 0.6647 58.80
680 1.0286 71.88 0.4957 61.83
690 1.0042 68.75 0.4694 62.28
700 0.9635 71.88 0.4264 65.88
710 0.9470 62.50 0.4706 66.22
720 1.3099 62.50 0.5329 64.97
730 1.2133 50.00 0.4309 63.36
740 1.1146 56.25 0.5879 64.95
750 1.3286 53.12 0.5068 59.42
760 1.2010 62.50 0.5481 56.97
770 1.0890 59.38 0.5104 62.25
780 1.0599 68.75 0.4886 61.94
790 0.7416 84.38 0.4590 68.53
800 1.0738 71.88 0.4434 65.08
810 1.3214 56.25 0.4691 61.62
820 1.2273 59.38 0.4118 60.90
830 1.0117 68.75 0.4112 61.05
840 1.3118 46.88 0.5737 60.49
850 1.2245 62.50 0.4852 63.24
860 0.8708 71.88 0.4074 63.96
870 0.9077 68.75 0.4626 54.78
880 0.8126 78.12 0.4300 58.56
890 1.1323 56.25 0.4097 58.61
900 0.8179 71.88 0.5037 59.31
910 0.8763 68.75 0.5201 61.67
920 1.2839 56.25 0.3642 58.74
930 1.0852 68.75 0.3694 63.37
940 0.9443 68.75 0.4846 57.20
950 1.0335 68.75 0.5033 61.88
960 1.2693 53.12 0.5172 59.67
970 1.4067 50.00 0.4751 61.96
980 1.3892 40.62 0.4646 58.80
990 0.8961 78.12 0.4695 64.05
1000 0.7612 71.88 0.4434 66.69
1010 1.1369 50.00 0.5452 65.42
1020 1.3628 56.25 0.6373 60.00
1030 1.2617 68.75 0.5699 65.37
1040 1.0114 53.12 0.4963 61.33
1050 0.8419 71.88 0.5119 63.70
1060 0.8658 71.88 0.4375 63.41
1070 1.0504 62.50 0.5773 66.75
1080 0.7661 68.75 0.4157 64.06
1090 1.0080 65.62 0.3991 62.39
1100 0.9126 59.38 0.4078 58.68
1110 1.2391 59.38 0.6456 64.92
1120 0.9038 71.88 0.5567 60.70
1130 1.1924 62.50 0.4304 61.82
1140 0.9679 65.62 0.6157 63.14
1150 1.2476 59.38 0.6151 60.95
1160 1.2510 62.50 0.4796 61.31
1170 0.9456 68.75 0.5187 63.60
1180 1.0561 68.75 0.4904 60.62
1190 1.3776 53.12 0.5869 60.57
1200 1.1159 68.75 0.5422 59.34
1210 1.2737 56.25 0.5658 59.47
1220 1.1235 59.38 0.4612 61.00
1230 1.2467 62.50 0.4642 59.94
1240 0.7857 75.00 0.3287 64.63
1250 1.2510 65.62 0.4906 63.27
1260 0.9720 62.50 0.4967 61.10
1270 1.0249 65.62 0.3867 64.34
1280 1.0775 62.50 0.5312 66.22
1290 0.9343 68.75 0.4070 61.54
1300 1.2801 53.12 0.4220 61.28
1310 1.3159 56.25 0.6485 63.69
1320 1.1065 71.88 0.4114 65.39
1330 0.8602 68.75 0.5317 61.51
1340 1.0835 68.75 0.4125 65.40
1350 1.0512 62.50 0.4931 59.59
1360 1.3526 53.12 0.5628 62.24
1370 1.2910 56.25 0.4404 58.84
1380 1.6231 46.88 0.4822 58.98
1390 0.7653 75.00 0.4957 60.52
1400 1.2209 53.12 0.4018 60.15
1410 1.4818 53.12 0.6498 59.54
1420 1.1058 62.50 0.4184 55.76
1430 1.1621 56.25 0.5302 62.93
1440 1.0735 68.75 0.4279 63.62
1450 1.0774 68.75 0.4062 65.77
1460 0.9938 62.50 0.3885 60.51
1470 1.0761 59.38 0.3225 63.15
1480 1.0150 62.50 0.4488 65.79
1490 1.1364 62.50 0.6533 65.06
1500 1.0219 68.75 0.5444 62.32
1510 0.8744 65.62 0.4713 57.78
1520 1.2415 53.12 0.4503 63.24
1530 1.2405 62.50 0.6529 65.64
1540 0.8480 71.88 0.4016 61.57
1550 1.1345 59.38 0.4348 59.29
1560 0.9796 59.38 0.5012 62.37
1570 0.8719 75.00 0.4975 61.47
1580 0.9653 65.62 0.4677 64.76
1590 1.1753 68.75 0.5593 65.61
1600 0.9583 62.50 0.5236 67.96
1610 1.3066 62.50 0.5627 65.48
1620 0.7565 75.00 0.4342 59.29
1630 0.7961 78.12 0.5298 59.28
1640 0.8369 68.75 0.4216 63.25
1650 1.2449 56.25 0.4260 66.06
1660 1.2718 59.38 0.5521 63.06
1670 1.4586 59.38 0.6148 59.38
1680 0.9677 62.50 0.6111 63.14
1690 1.1941 62.50 0.6098 62.34
1700 1.0787 59.38 0.5180 63.34
1710 0.9837 62.50 0.4099 63.74
1720 1.0763 62.50 0.4286 64.95
1730 1.3449 62.50 0.5242 63.77
1740 1.2064 53.12 0.4394 60.00
1750 0.9952 53.12 0.4342 58.95
1760 1.0414 62.50 0.5497 57.59
1770 0.9733 75.00 0.4865 63.64
1780 0.8696 68.75 0.4621 61.73
1790 1.0181 65.62 0.4023 59.84
1800 1.1581 56.25 0.5659 63.89
1810 1.0177 62.50 0.5336 62.41
1820 0.9834 68.75 0.3891 61.90
1830 1.0675 62.50 0.4017 62.08
1840 1.0728 59.38 0.3753 60.93
1850 1.4048 59.38 0.5661 59.23
1860 0.9023 65.62 0.4382 66.04
1870 0.9474 65.62 0.5101 60.54
