batch class_loss class_acc conf_loss conf
0 0.9871 68.75 0.4467 60.40
10 1.1399 65.62 0.5648 59.98
20 1.5620 43.75 0.5296 58.59
30 1.5974 50.00 0.6348 57.62
40 0.9840 68.75 0.5846 63.43
50 1.1834 56.25 0.4268 60.90
60 1.0397 65.62 0.5054 64.45
70 1.0906 59.38 0.4856 59.12
80 1.0840 62.50 0.4617 59.17
90 1.4437 53.12 0.5869 60.17
100 0.9934 65.62 0.4890 58.09
110 1.1908 56.25 0.4493 60.79
120 1.0779 71.88 0.4811 58.66
130 1.2080 56.25 0.3993 59.05
140 0.8482 78.12 0.4996 62.67
150 1.0724 59.38 0.6825 63.45
160 1.0991 59.38 0.6163 62.45
170 1.0090 59.38 0.4789 58.66
180 1.2688 53.12 0.4994 56.44
190 0.9861 56.25 0.4302 57.96
200 1.5173 50.00 0.5790 58.48
210 1.0542 71.88 0.4962 58.63
220 1.0173 65.62 0.5728 60.52
230 1.1965 53.12 0.4362 59.24
240 1.1881 56.25 0.4639 62.79
250 1.0470 62.50 0.4689 58.67
260 0.9390 75.00 0.6199 62.71
270 1.5402 53.12 0.6300 62.31
280 1.3607 53.12 0.5794 61.47
290 1.3264 56.25 0.5435 57.67
300 1.2705 62.50 0.5426 59.39
310 1.0917 62.50 0.6178 64.14
320 1.3940 43.75 0.4440 57.30
330 1.0355 71.88 0.5156 62.91
340 1.0916 62.50 0.4993 61.01
350 1.3058 56.25 0.4971 60.66
360 1.3646 59.38 0.6025 61.15
370 0.7865 81.25 0.4769 59.26
380 1.3492 56.25 0.6501 56.25
390 1.3861 56.25 0.5737 55.76
400 1.1647 53.12 0.4235 57.22
410 0.9657 75.00 0.5786 59.65
420 1.4936 46.88 0.5601 61.15
430 1.5746 46.88 0.5444 59.35
440 1.0123 78.12 0.6974 58.30
450 0.9081 75.00 0.3461 63.12
460 0.8187 68.75 0.4791 61.71
470 1.2064 65.62 0.4024 65.35
480 1.0997 53.12 0.3478 61.21
490 1.0123 68.75 0.3748 61.44
500 1.2121 56.25 0.6011 57.00
510 0.7622 75.00 0.5461 59.64
520 1.3385 56.25 0.4356 61.90
530 1.4960 53.12 0.5783 63.49
540 0.9067 68.75 0.5113 63.07
550 1.2404 59.38 0.6370 59.01
560 1.2343 56.25 0.6856 57.31
570 1.0661 59.38 0.4710 55.32
580 1.0766 65.62 0.5887 60.29
590 0.8736 71.88 0.4126 59.33
600 1.0696 68.75 0.5209 64.73
610 0.9439 65.62 0.4289 59.31
620 1.0020 68.75 0.5898 57.78
630 1.2329 50.00 0.4365 56.83
640 1.1680 50.00 0.5364 58.85
650 1.2661 56.25 0.4169 55.27
660 1.0587 68.75 0.4923 60.02
670 1.3502 59.38 0.5501 59.35
680 1.0923 65.62 0.3954 60.25
690 1.2140 62.50 0.5065 64.00
700 1.3990 50.00 0.5599 63.18
710 1.5740 43.75 0.8056 59.95
720 1.0271 62.50 0.3628 58.08
730 1.0480 62.50 0.4284 59.86
740 1.1040 68.75 0.6605 62.06
750 0.8945 71.88 0.4646 64.57
760 1.6805 43.75 0.6379 62.24
770 1.3616 59.38 0.4787 58.50
780 0.8003 75.00 0.5468 56.55
790 1.4059 53.12 0.5001 59.89
800 1.2776 59.38 0.4497 61.92
810 1.1537 59.38 0.4189 58.05
820 1.0643 62.50 0.5515 61.31
830 1.3391 46.88 0.6666 59.89
840 1.2541 62.50 0.4416 61.03
850 1.0367 65.62 0.4598 54.29
860 1.1017 62.50 0.5928 57.73
870 1.6943 43.75 0.5578 58.80
880 1.2345 62.50 0.7384 63.67
890 0.9993 71.88 0.5103 60.86
900 0.9172 71.88 0.4602 58.15
910 0.9760 68.75 0.4870 59.85
920 1.3368 56.25 0.4699 56.68
930 1.0788 62.50 0.5082 57.51
940 0.6148 84.38 0.4652 63.72
950 1.0855 65.62 0.5434 62.54
960 1.1764 62.50 0.4572 60.94
970 0.9835 68.75 0.4840 61.74
980 1.2239 59.38 0.4626 62.66
990 0.9357 65.62 0.3897 63.33
1000 0.8826 65.62 0.4980 61.97
1010 1.2243 65.62 0.6773 62.06
1020 1.2365 56.25 0.4627 58.74
1030 1.3041 59.38 0.4884 58.73
1040 1.0008 71.88 0.5449 54.69
1050 1.2008 59.38 0.5413 59.99
1060 0.7101 84.38 0.5823 63.42
1070 1.0006 65.62 0.5870 63.63
1080 1.2369 56.25 0.4358 62.32
1090 1.2581 65.62 0.5789 62.15
1100 0.9710 65.62 0.4703 59.33
1110 1.1265 62.50 0.4988 58.52
1120 1.3091 62.50 0.5250 57.88
1130 1.2092 53.12 0.4839 59.42
1140 1.2416 53.12 0.4086 57.28
1150 1.4682 50.00 0.6051 61.01
1160 0.8438 75.00 0.6031 66.79
1170 1.0634 59.38 0.4342 62.17
1180 1.0038 62.50 0.4268 58.09
1190 1.0560 56.25 0.5892 57.54
1200 0.9782 75.00 0.4577 61.27
1210 1.5090 50.00 0.5962 64.16
1220 0.9936 65.62 0.5007 60.64
1230 1.1046 65.62 0.5483 60.89
1240 1.1280 62.50 0.4597 60.29
1250 1.4119 50.00 0.4699 58.69
1260 1.2129 59.38 0.4710 60.13
1270 1.3252 62.50 0.6078 60.65
1280 1.1397 56.25 0.4112 59.52
1290 0.8451 81.25 0.5777 59.33
1300 1.1900 59.38 0.6016 62.66
1310 1.0113 68.75 0.4356 59.26
1320 1.5945 43.75 0.5388 57.77
1330 1.0713 62.50 0.3926 59.06
1340 0.8871 75.00 0.4928 59.42
1350 0.9489 65.62 0.5205 64.74
1360 1.2709 56.25 0.5469 61.99
1370 1.1189 62.50 0.5488 59.70
1380 1.6759 40.62 0.5236 57.61
1390 0.9717 68.75 0.4873 61.59
1400 1.2918 59.38 0.5164 63.64
1410 1.2616 53.12 0.5432 60.94
1420 0.8942 68.75 0.5010 58.72
1430 1.4404 56.25 0.5476 59.65
1440 1.3697 53.12 0.4536 60.81
1450 1.1812 62.50 0.4762 61.03
1460 1.4640 43.75 0.5389 58.03
1470 1.1030 56.25 0.5003 58.62
1480 0.8408 75.00 0.4486 61.31
1490 1.3100 56.25 0.6073 62.42
1500 1.4864 59.38 0.6090 61.62
1510 1.3543 62.50 0.4770 59.96
1520 0.9392 68.75 0.4239 59.33
1530 1.2178 65.62 0.5317 61.02
1540 1.2499 62.50 0.4894 57.72
1550 1.5562 59.38 0.5516 59.97
1560 0.8587 75.00 0.4051 59.90
1570 0.9432 65.62 0.5375 62.10
1580 1.1215 62.50 0.4580 60.52
1590 0.7661 81.25 0.5603 59.95
1600 1.0928 65.62 0.5603 60.92
1610 1.1197 56.25 0.5946 65.88
1620 1.1237 56.25 0.6208 62.23
1630 1.3620 59.38 0.6172 56.95
1640 1.1522 65.62 0.6071 60.59
1650 1.0290 65.62 0.5306 61.68
1660 1.0571 59.38 0.6111 64.64
1670 1.1497 65.62 0.5618 59.92
1680 1.1144 62.50 0.4911 61.65
1690 0.9618 71.88 0.4519 62.22
1700 0.8640 68.75 0.3911 62.05
1710 1.3267 65.62 0.5867 58.75
1720 1.1183 56.25 0.4312 58.04
1730 1.0914 65.62 0.4516 64.58
1740 0.8855 68.75 0.3795 64.09
1750 1.2616 56.25 0.5380 62.49
1760 1.0045 71.88 0.4876 59.74
1770 1.2984 56.25 0.5784 62.07
1780 0.9837 62.50 0.3744 60.27
1790 1.2865 53.12 0.6332 59.29
1800 1.1708 62.50 0.5636 59.86
1810 1.3317 65.62 0.6501 61.05
1820 1.1908 56.25 0.6602 59.62
1830 1.1370 68.75 0.5305 62.78
1840 1.1631 59.38 0.4427 61.66
1850 1.1903 59.38 0.4207 66.62
1860 1.4580 56.25 0.5321 61.88
1870 1.1463 62.50 0.5117 61.69
