batch class_loss class_acc conf_loss conf
0 2.2977 21.88 0.6502 44.38
10 2.4179 3.12 0.3173 23.69
20 2.2846 9.38 0.3347 14.32
30 2.3392 6.25 0.2494 12.17
40 2.2141 15.62 0.4441 12.23
50 2.1504 25.00 0.6548 14.43
60 2.1804 18.75 0.4898 18.27
70 2.2294 9.38 0.3668 24.60
80 2.0874 25.00 0.5634 26.53
90 1.9745 31.25 0.6375 29.80
100 1.9084 37.50 0.6457 34.89
110 1.9282 37.50 0.6818 40.59
120 1.8367 37.50 0.6585 41.73
130 2.1509 21.88 0.5876 42.27
140 1.6756 40.62 0.6426 43.82
150 1.6524 46.88 0.5880 44.62
160 1.5276 34.38 0.6391 45.08
170 1.6647 43.75 0.7108 44.48
180 1.5350 43.75 0.5593 45.70
190 1.4759 50.00 0.7430 48.39
200 1.7698 40.62 0.5769 50.75
210 1.4019 50.00 0.6534 50.74
220 1.8284 43.75 0.6287 49.57
230 1.5044 43.75 0.5773 47.69
240 1.5287 46.88 0.6585 43.81
250 1.1598 56.25 0.5164 46.70
260 1.3012 68.75 0.5364 50.58
270 1.6811 31.25 0.7046 53.80
280 1.2883 56.25 0.5620 51.18
290 1.4342 53.12 0.6486 50.81
300 1.6453 40.62 0.5718 50.36
310 1.3980 43.75 0.5237 51.85
320 1.3009 59.38 0.6112 48.08
330 1.1777 59.38 0.6290 52.10
340 1.2405 56.25 0.6441 52.87
350 1.2023 56.25 0.6194 55.75
360 1.3306 59.38 0.6838 55.43
370 1.5229 50.00 0.5957 52.57
380 1.2542 59.38 0.5156 51.91
390 1.1590 59.38 0.6337 53.08
400 1.7166 46.88 0.5757 52.79
410 1.4060 56.25 0.5215 53.86
420 1.2461 56.25 0.5721 53.02
430 1.4628 40.62 0.5242 55.14
440 1.6781 40.62 0.5717 58.20
450 1.1696 65.62 0.5468 57.80
460 1.4698 50.00 0.5629 55.95
470 1.0762 62.50 0.4755 54.07
480 1.6113 37.50 0.6611 51.74
490 1.2201 53.12 0.4442 54.86
500 1.1427 59.38 0.4625 57.28
510 1.5770 37.50 0.7251 57.79
520 1.4148 46.88 0.5679 56.31
530 1.1913 53.12 0.5284 54.15
540 1.5396 43.75 0.6825 57.02
550 1.8602 37.50 0.6655 56.71
560 1.2370 59.38 0.5962 54.18
570 1.2637 46.88 0.4940 54.76
580 1.9305 37.50 0.5874 54.56
590 1.2966 50.00 0.5909 54.74
600 1.5394 50.00 0.5787 55.34
610 1.6843 40.62 0.6032 58.59
620 1.4414 53.12 0.5215 54.87
630 1.1000 53.12 0.5052 56.83
640 1.4332 53.12 0.6484 56.84
650 1.3150 59.38 0.5790 57.14
660 1.3564 50.00 0.5509 54.10
670 1.6769 34.38 0.6205 54.13
680 1.2126 59.38 0.5609 52.10
690 1.4263 50.00 0.6228 54.22
700 1.2479 56.25 0.5741 54.30
710 1.5216 53.12 0.5529 51.69
720 1.3656 46.88 0.5713 55.81
730 1.4795 43.75 0.5094 58.22
740 1.0291 62.50 0.4966 57.68
750 1.2459 56.25 0.3987 55.62
760 0.9699 71.88 0.5529 58.94
770 1.0819 62.50 0.5450 58.06
780 1.1132 62.50 0.5591 58.90
790 1.4602 50.00 0.5654 55.34
800 1.3311 56.25 0.4844 53.40
810 1.5767 43.75 0.5755 56.65
820 1.6055 50.00 0.7189 58.43
830 1.0820 62.50 0.7260 54.87
840 1.1236 65.62 0.4903 55.19
850 1.2203 56.25 0.6311 57.36
860 1.2397 56.25 0.5354 54.77
870 1.6633 43.75 0.5356 59.08
880 1.1695 59.38 0.4876 58.80
890 1.1812 62.50 0.4748 60.89
900 1.2504 59.38 0.5393 62.29
910 1.6482 50.00 0.5858 59.71
920 1.0322 65.62 0.6318 58.13
930 1.3417 59.38 0.5723 55.50
940 1.0159 65.62 0.5022 56.10
950 1.1982 53.12 0.5150 55.31
960 1.3793 53.12 0.4215 56.89
970 1.3509 53.12 0.3743 59.62
980 1.1053 56.25 0.5876 60.07
990 1.3496 46.88 0.5182 55.78
1000 1.4728 50.00 0.4743 53.97
1010 1.5255 50.00 0.5703 56.67
1020 1.0417 65.62 0.5350 56.84
1030 0.8178 81.25 0.6233 60.32
1040 1.2486 65.62 0.4982 59.25
1050 1.0136 65.62 0.5295 56.02
1060 1.2874 46.88 0.4986 57.76
1070 1.2433 46.88 0.6157 58.71
1080 1.5530 53.12 0.5156 58.46
1090 1.8142 37.50 0.6265 57.87
1100 0.9534 71.88 0.5263 55.76
1110 1.4298 50.00 0.5918 55.88
1120 1.2921 59.38 0.6285 57.10
1130 1.1715 62.50 0.4801 55.64
1140 1.3004 62.50 0.5894 58.66
1150 1.3552 56.25 0.5494 57.12
1160 1.4094 65.62 0.7762 59.12
1170 1.2121 59.38 0.5554 59.88
1180 0.9733 62.50 0.5279 62.15
1190 1.4544 40.62 0.5776 58.71
1200 1.4625 56.25 0.6888 58.89
1210 1.3478 56.25 0.5985 55.94
1220 1.1387 62.50 0.4788 56.09
1230 1.3432 50.00 0.5477 59.69
1240 1.0142 71.88 0.5092 60.98
1250 1.0730 59.38 0.5135 63.67
1260 1.0087 65.62 0.4875 62.23
1270 1.5432 50.00 0.7478 59.48
1280 1.1406 65.62 0.5252 57.93
1290 1.4738 50.00 0.7286 58.80
1300 1.1151 62.50 0.4510 59.00
1310 0.9350 68.75 0.4202 61.64
1320 1.2238 53.12 0.5120 61.92
1330 1.5036 53.12 0.6954 61.70
1340 1.2180 59.38 0.6162 59.22
1350 1.2074 59.38 0.6229 57.76
1360 1.2055 59.38 0.5655 55.06
1370 1.0487 59.38 0.5468 58.91
1380 0.8815 71.88 0.5071 57.71
1390 1.0760 68.75 0.5596 56.32
1400 1.1730 68.75 0.6019 59.22
1410 1.1400 62.50 0.6804 61.33
1420 1.2054 56.25 0.4724 60.03
1430 0.7450 75.00 0.5933 57.52
1440 1.0741 56.25 0.4544 59.94
1450 1.1818 53.12 0.7013 62.47
1460 1.0929 71.88 0.4544 60.27
1470 1.2172 56.25 0.4725 58.67
1480 1.3892 56.25 0.6117 57.68
1490 1.1593 62.50 0.5737 60.17
1500 1.2810 46.88 0.5320 58.55
1510 1.0816 62.50 0.5361 63.11
1520 1.2770 62.50 0.5198 59.52
1530 1.2102 62.50 0.5129 63.24
1540 1.3058 50.00 0.6035 61.99
1550 1.4060 43.75 0.5377 57.52
1560 1.4119 53.12 0.5699 58.99
1570 1.0457 62.50 0.3726 57.97
1580 1.1577 56.25 0.7024 59.30
1590 1.4342 53.12 0.6027 55.41
1600 1.7402 34.38 0.6243 56.60
1610 1.2025 65.62 0.5407 59.07
1620 1.3614 43.75 0.5566 60.56
1630 1.2828 56.25 0.4155 61.18
1640 1.0658 75.00 0.6183 60.10
1650 1.1453 56.25 0.8233 64.14
1660 1.0230 68.75 0.4950 60.97
1670 1.0188 75.00 0.5856 58.47
1680 1.1899 62.50 0.4193 59.84
1690 1.0731 62.50 0.4966 61.22
1700 1.1028 56.25 0.5384 60.06
1710 1.5650 53.12 0.5621 61.58
1720 1.0951 59.38 0.5652 61.10
1730 1.3818 53.12 0.6367 60.63
1740 1.4520 50.00 0.6131 58.87
1750 1.2756 40.62 0.4048 54.96
1760 1.5463 46.88 0.5633 57.20
1770 0.9764 62.50 0.5324 58.85
1780 1.3192 53.12 0.4679 61.59
1790 1.2195 50.00 0.6008 61.64
1800 1.1109 65.62 0.4625 57.67
1810 1.0708 56.25 0.6234 59.41
1820 1.2556 50.00 0.4747 59.36
1830 0.9100 62.50 0.5556 58.43
1840 1.6519 50.00 0.6024 59.43
1850 1.2944 59.38 0.5415 59.97
1860 1.0090 71.88 0.4518 63.08
1870 1.3335 59.38 0.5955 63.98
