batch class_loss class_acc conf_loss conf
0 1.0999 62.50 0.5093 62.52
10 1.1650 71.88 0.6526 62.58
20 1.2852 59.38 0.4584 61.60
30 1.1892 50.00 0.4199 56.35
40 0.9679 59.38 0.4823 61.15
50 0.9487 68.75 0.3731 57.82
60 0.9154 65.62 0.4805 58.64
70 1.2935 46.88 0.6423 64.42
80 0.8347 71.88 0.3790 63.26
90 1.3717 56.25 0.5905 65.08
100 0.9098 71.88 0.4936 59.97
110 1.0107 59.38 0.7202 63.79
120 0.9960 68.75 0.5045 62.51
130 0.8185 68.75 0.4295 63.47
140 1.0442 62.50 0.4597 60.00
150 1.0355 59.38 0.3417 59.52
160 1.5635 40.62 0.4763 62.53
170 1.1141 59.38 0.5911 62.46
180 1.3727 56.25 0.4999 67.87
190 1.0926 65.62 0.5144 67.05
200 0.9580 62.50 0.4858 62.95
210 1.3220 56.25 0.5434 61.43
220 0.9260 68.75 0.4219 62.57
230 1.0134 65.62 0.4417 62.55
240 0.9702 65.62 0.5072 58.50
250 0.8728 78.12 0.5562 59.31
260 1.0938 68.75 0.4349 63.50
270 1.0037 59.38 0.4619 65.75
280 0.6604 78.12 0.3553 68.35
290 1.1151 59.38 0.4747 61.24
300 1.1811 56.25 0.3856 55.99
310 1.3542 46.88 0.4450 58.10
320 1.2347 59.38 0.5050 63.99
330 1.2853 50.00 0.4282 63.12
340 0.9971 59.38 0.4074 58.00
350 0.7269 68.75 0.3447 63.40
360 1.1519 62.50 0.4990 63.09
370 0.8042 78.12 0.3660 64.78
380 0.7718 81.25 0.4490 69.17
390 1.4361 59.38 0.5736 62.59
400 0.8838 62.50 0.5302 59.15
410 1.1777 62.50 0.4398 55.49
420 1.1791 56.25 0.4893 58.27
430 1.3194 59.38 0.4785 60.76
440 0.7499 75.00 0.4488 61.64
450 0.7826 75.00 0.4321 65.18
460 0.9301 68.75 0.4249 63.26
470 1.0503 53.12 0.5700 64.30
480 1.1466 53.12 0.6866 62.90
490 1.1387 65.62 0.5004 60.67
500 1.1516 59.38 0.6092 59.74
510 1.1181 65.62 0.6416 65.40
520 1.0156 71.88 0.5803 64.53
530 0.9812 68.75 0.6409 63.35
540 1.4087 62.50 0.6872 66.77
550 1.0311 68.75 0.4043 66.44
560 1.1584 65.62 0.4571 65.13
570 0.9449 68.75 0.4669 65.79
580 0.8952 71.88 0.4083 63.27
590 1.3675 53.12 0.4797 60.46
600 1.0007 65.62 0.5133 61.60
610 1.1582 65.62 0.4615 67.05
620 1.2490 53.12 0.5057 61.98
630 0.8961 62.50 0.3915 63.13
640 0.9402 65.62 0.4786 63.34
650 0.9736 71.88 0.4779 61.78
660 0.9866 68.75 0.5083 66.25
670 0.7847 68.75 0.3140 62.30
680 0.9547 65.62 0.4063 61.06
690 1.1553 62.50 0.4578 57.03
700 0.8779 71.88 0.3897 58.83
710 1.2771 56.25 0.6244 60.42
720 1.1917 59.38 0.5088 64.90
730 0.8777 71.88 0.4453 64.55
740 0.9548 65.62 0.5625 61.93
750 1.0640 59.38 0.4474 61.01
760 1.0140 62.50 0.4611 62.65
770 0.8971 71.88 0.5480 67.00
780 0.9509 68.75 0.3479 65.41
790 1.0971 62.50 0.5623 63.37
800 0.8951 71.88 0.5618 65.60
810 1.0257 71.88 0.5150 62.16
820 0.8582 62.50 0.3461 63.45
830 1.2330 50.00 0.5500 63.27
840 0.9328 65.62 0.4077 62.16
850 1.0468 59.38 0.5848 65.53
860 1.0416 56.25 0.5733 65.28
870 0.8786 71.88 0.4697 61.74
880 1.3216 43.75 0.5635 61.14
890 0.9391 62.50 0.5280 62.51
900 1.0839 65.62 0.5179 60.06
910 1.1194 59.38 0.4705 62.03
920 1.6373 50.00 0.4902 57.40
930 0.9420 62.50 0.4293 57.17
940 1.1724 56.25 0.4191 58.14
950 1.3399 65.62 0.5388 58.32
960 1.3546 40.62 0.6410 60.79
970 1.0928 50.00 0.4244 58.98
980 1.0650 59.38 0.4462 58.56
990 0.6818 75.00 0.4116 62.88
1000 1.1768 59.38 0.5994 64.31
1010 0.7705 75.00 0.4550 64.15
1020 0.7580 78.12 0.3292 65.07
1030 0.9851 65.62 0.4085 63.53
1040 1.0042 71.88 0.5164 62.83
1050 1.3024 53.12 0.5403 63.57
1060 1.1592 62.50 0.4492 62.06
1070 1.0712 68.75 0.5156 59.82
1080 1.0387 62.50 0.4668 63.52
1090 1.4390 59.38 0.5991 65.62
1100 0.8395 68.75 0.4724 65.05
1110 1.3345 53.12 0.5073 63.72
1120 1.0519 56.25 0.4601 63.30
1130 1.0257 68.75 0.4535 58.05
1140 0.8244 71.88 0.6029 61.27
1150 1.0066 68.75 0.5700 61.53
1160 0.8910 71.88 0.3444 62.68
1170 0.9275 68.75 0.4336 64.24
1180 1.3880 50.00 0.5708 64.16
1190 0.9392 68.75 0.4827 66.16
1200 1.2003 65.62 0.4905 64.25
1210 1.0018 65.62 0.4952 65.84
1220 0.9779 65.62 0.5237 62.79
1230 1.1846 59.38 0.4793 62.12
1240 1.1572 59.38 0.4533 64.83
1250 1.2737 50.00 0.5143 64.84
1260 0.9333 71.88 0.4805 67.77
1270 1.3156 46.88 0.4920 63.95
1280 1.4063 43.75 0.6765 65.12
1290 0.9841 65.62 0.4022 60.42
1300 1.2751 53.12 0.4860 61.04
1310 1.2187 62.50 0.4885 62.43
1320 0.8117 68.75 0.3053 62.98
1330 0.9641 71.88 0.4845 63.64
1340 1.3173 53.12 0.5191 64.65
1350 0.9849 75.00 0.4300 60.55
1360 0.6560 75.00 0.4172 64.92
1370 1.1135 71.88 0.6565 66.15
1380 1.1081 59.38 0.4948 60.80
1390 0.7370 81.25 0.5108 65.62
1400 1.3658 56.25 0.4915 63.81
1410 1.2206 59.38 0.6683 57.45
1420 1.0986 59.38 0.5060 59.83
1430 1.0012 53.12 0.5215 62.27
1440 1.3140 56.25 0.4361 64.92
1450 1.5565 46.88 0.5048 59.81
1460 1.3361 59.38 0.5029 56.77
1470 1.1854 56.25 0.4426 61.18
1480 0.9341 59.38 0.3660 63.22
1490 1.2991 56.25 0.4743 62.79
1500 0.9566 65.62 0.5383 67.18
1510 1.1189 62.50 0.3509 64.65
1520 1.0141 71.88 0.3685 66.45
1530 0.7852 81.25 0.4977 62.96
1540 1.4399 46.88 0.5125 63.26
1550 0.7478 78.12 0.5679 64.17
1560 1.4124 59.38 0.5533 62.96
1570 1.0315 59.38 0.4312 65.37
1580 1.0727 65.62 0.5844 60.80
1590 1.1170 59.38 0.5221 61.83
1600 0.9892 62.50 0.4520 59.19
1610 1.3667 59.38 0.5080 57.40
1620 1.2601 56.25 0.4535 57.32
1630 0.8828 71.88 0.4603 59.66
1640 1.2838 56.25 0.5114 65.30
1650 0.7418 71.88 0.4800 61.13
1660 1.1161 59.38 0.4751 62.34
1670 1.3062 56.25 0.4773 64.63
1680 1.0165 65.62 0.4244 65.77
1690 1.4588 46.88 0.4397 59.00
1700 0.9548 68.75 0.4106 62.09
1710 0.7729 71.88 0.3475 63.43
1720 1.2738 62.50 0.5257 64.36
1730 0.9167 78.12 0.5667 65.91
1740 1.0461 68.75 0.5364 64.71
1750 0.8990 68.75 0.5090 62.85
1760 1.0580 59.38 0.3101 60.28
1770 1.0511 65.62 0.4884 63.76
1780 1.4445 50.00 0.4254 58.85
1790 1.4766 46.88 0.5754 57.59
1800 1.0659 65.62 0.6183 61.53
1810 1.1853 53.12 0.4981 66.37
1820 0.8436 68.75 0.3675 64.10
1830 0.7788 78.12 0.3542 63.67
1840 1.3167 65.62 0.6172 64.86
1850 1.2241 62.50 0.3345 62.38
1860 1.3819 59.38 0.5298 62.07
1870 1.3055 53.12 0.5135 62.72
