batch class_loss class_acc conf_loss conf
0 1.3591 53.12 0.5084 58.06
10 1.3347 62.50 0.3638 59.45
20 1.1489 62.50 0.5177 57.93
30 0.9565 71.88 0.5825 60.69
40 1.2381 56.25 0.4939 64.20
50 1.0650 65.62 0.4307 64.40
60 0.9447 65.62 0.4940 63.13
70 1.2698 53.12 0.6004 62.92
80 1.6473 53.12 0.6013 59.24
90 1.0499 71.88 0.4705 61.15
100 1.3789 59.38 0.5012 61.56
110 1.0747 62.50 0.4129 61.53
120 1.2407 56.25 0.7159 61.54
130 0.9425 71.88 0.5274 61.06
140 1.4995 59.38 0.6012 61.27
150 1.1066 56.25 0.4982 59.81
160 1.2522 53.12 0.4022 58.30
170 1.0218 65.62 0.4029 58.07
180 0.9768 71.88 0.5349 58.41
190 1.4905 50.00 0.5217 59.11
200 0.8739 68.75 0.3975 60.14
210 1.2318 56.25 0.4264 60.09
220 1.0743 62.50 0.5079 60.79
230 0.9153 71.88 0.5298 59.92
240 1.4731 43.75 0.6565 59.00
250 1.0964 59.38 0.5145 57.08
260 1.2615 50.00 0.5148 56.65
270 1.2432 62.50 0.5565 61.06
280 1.0692 62.50 0.4971 63.95
290 1.2218 59.38 0.4438 64.02
300 0.9493 71.88 0.4481 63.01
310 1.2894 59.38 0.5482 60.98
320 1.3352 53.12 0.6529 58.86
330 1.5071 53.12 0.6281 60.45
340 1.3200 59.38 0.6284 60.76
350 1.2774 59.38 0.6253 60.10
360 1.2994 59.38 0.5973 59.03
370 1.1396 62.50 0.4605 60.18
380 1.0124 65.62 0.5852 57.70
390 1.2730 59.38 0.4730 55.65
400 1.5423 56.25 0.6050 60.58
410 1.2654 53.12 0.5115 62.77
420 0.9349 71.88 0.5435 60.69
430 1.0774 59.38 0.4198 63.42
440 0.9781 65.62 0.4778 60.20
450 1.1329 62.50 0.6081 63.07
460 1.1342 59.38 0.4003 64.17
470 1.6071 40.62 0.7399 60.90
480 0.8957 78.12 0.5378 62.96
490 1.1683 56.25 0.5707 59.73
500 1.4568 46.88 0.6474 58.23
510 1.3093 46.88 0.5429 59.14
520 1.4757 37.50 0.7105 57.69
530 1.2751 56.25 0.5783 56.38
540 1.1874 62.50 0.4965 58.51
550 1.2607 53.12 0.7502 62.49
560 0.9984 59.38 0.6541 60.62
570 1.6464 53.12 0.7706 58.78
580 1.5269 53.12 0.4360 54.50
590 0.9585 71.88 0.4732 55.24
600 1.2049 59.38 0.5318 56.78
610 1.5474 46.88 0.6049 61.69
620 1.2844 53.12 0.4592 59.76
630 1.0252 62.50 0.5136 58.77
640 1.3124 50.00 0.4591 59.01
650 1.1321 65.62 0.5743 59.34
660 1.2178 53.12 0.4508 63.60
670 1.3264 50.00 0.6243 61.64
680 1.0204 68.75 0.4535 62.44
690 1.3413 56.25 0.6830 59.43
700 1.0380 68.75 0.5280 59.16
710 0.9842 68.75 0.5133 59.56
720 1.3151 53.12 0.6510 66.86
730 1.3668 53.12 0.6070 63.55
740 1.4057 53.12 0.5508 64.63
750 1.2298 53.12 0.4724 56.17
760 1.2195 53.12 0.5681 58.36
770 1.1791 59.38 0.4236 60.87
780 1.1338 62.50 0.4452 63.32
790 1.5488 53.12 0.4608 60.31
800 1.2436 68.75 0.5950 59.85
810 1.6870 43.75 0.5775 57.05
820 1.0259 59.38 0.4758 55.84
830 1.0141 68.75 0.5042 57.66
840 1.0477 56.25 0.4795 57.22
850 1.0054 65.62 0.4592 59.01
860 1.1565 59.38 0.6118 57.84
870 1.6449 53.12 0.6433 62.62
880 1.3658 53.12 0.5101 61.10
890 0.9632 65.62 0.4389 56.17
900 1.6027 43.75 0.5435 58.12
910 1.1730 59.38 0.5850 61.33
920 1.4176 56.25 0.4969 57.79
930 1.1910 59.38 0.4521 57.40
940 1.7268 46.88 0.5793 62.68
950 1.4464 46.88 0.6737 61.24
960 1.2778 56.25 0.5608 58.07
970 1.0841 62.50 0.4758 59.61
980 1.1569 59.38 0.5299 62.29
990 1.0500 62.50 0.4380 58.54
1000 1.1864 62.50 0.4567 61.90
1010 0.6644 78.12 0.4495 67.21
1020 1.0966 59.38 0.5788 64.31
1030 1.4819 50.00 0.5150 58.89
1040 1.1132 50.00 0.4973 59.91
1050 1.5459 50.00 0.5279 59.09
1060 0.7413 75.00 0.4548 60.23
1070 1.0086 65.62 0.4009 59.39
1080 1.0245 62.50 0.4915 60.42
1090 1.3136 56.25 0.7278 60.26
1100 0.7903 75.00 0.5575 57.84
1110 1.1704 50.00 0.4985 60.62
1120 1.3425 50.00 0.6199 59.41
1130 1.1555 59.38 0.5841 60.71
1140 1.1229 65.62 0.4980 58.17
1150 1.4250 53.12 0.7029 60.39
1160 1.2558 50.00 0.5372 61.69
1170 1.2712 53.12 0.5772 57.31
1180 1.1004 59.38 0.4386 59.20
1190 1.4209 50.00 0.6169 60.17
1200 1.0033 65.62 0.6645 58.40
1210 1.0587 68.75 0.5392 59.84
1220 0.7190 78.12 0.5526 61.51
1230 0.8109 75.00 0.6190 63.01
1240 1.6173 43.75 0.5992 57.44
1250 1.3539 56.25 0.4439 60.01
1260 1.4564 53.12 0.5961 59.31
1270 1.3889 59.38 0.5642 62.68
1280 0.9460 68.75 0.4888 59.62
1290 1.1556 56.25 0.5610 61.49
1300 1.5454 43.75 0.6898 63.16
1310 1.3340 53.12 0.6023 60.56
1320 1.5713 50.00 0.6926 62.43
1330 1.1959 59.38 0.5586 60.93
1340 0.9123 65.62 0.4879 62.29
1350 1.2008 65.62 0.5623 59.41
1360 1.0055 59.38 0.4640 58.86
1370 0.9749 62.50 0.4008 60.83
1380 1.1576 65.62 0.5330 63.65
1390 1.2100 59.38 0.4382 64.90
1400 1.2906 62.50 0.5195 65.68
1410 1.1565 56.25 0.5190 62.68
1420 1.0734 59.38 0.5224 62.21
1430 0.8568 65.62 0.4469 61.65
1440 1.1887 59.38 0.6366 55.37
1450 1.5403 37.50 0.6110 55.37
1460 0.9999 68.75 0.5121 54.72
1470 1.0638 62.50 0.4618 60.25
1480 0.9699 68.75 0.4458 64.74
1490 1.3659 56.25 0.5184 61.16
1500 1.4242 43.75 0.6514 59.63
1510 1.0751 68.75 0.4278 61.20
1520 1.2222 56.25 0.5422 61.52
1530 1.1508 56.25 0.5585 62.79
1540 1.0735 62.50 0.7948 61.67
1550 1.1570 65.62 0.6338 61.84
1560 0.7638 78.12 0.5378 61.09
1570 0.9077 65.62 0.3446 60.57
1580 1.2269 59.38 0.6241 64.89
1590 1.1028 56.25 0.6899 62.67
1600 1.0781 68.75 0.4915 64.20
1610 0.9476 65.62 0.4300 60.43
1620 1.2403 56.25 0.4599 59.38
1630 1.1590 62.50 0.4449 56.99
1640 1.3380 56.25 0.6972 61.84
1650 1.0686 62.50 0.5148 63.06
1660 0.9251 62.50 0.5199 65.76
1670 1.1098 68.75 0.4771 62.42
1680 1.1074 62.50 0.4419 63.72
1690 0.7523 81.25 0.5005 59.55
1700 1.1739 62.50 0.5041 60.96
1710 1.5193 50.00 0.7781 60.19
1720 0.8833 78.12 0.5013 58.61
1730 0.8360 75.00 0.4311 63.04
1740 0.8926 68.75 0.3766 64.03
1750 1.2416 62.50 0.5004 60.99
1760 1.4924 56.25 0.6037 61.46
1770 1.2258 56.25 0.5707 59.08
1780 1.1803 56.25 0.5782 59.42
1790 1.1896 56.25 0.6219 62.54
1800 0.7197 65.62 0.4415 66.80
1810 1.1114 62.50 0.5557 61.50
1820 1.2864 56.25 0.5999 54.72
1830 0.9752 71.88 0.5905 59.20
1840 1.2281 56.25 0.4720 59.27
1850 0.9367 68.75 0.4806 61.17
1860 1.4476 50.00 0.5030 61.35
1870 1.1366 62.50 0.3950 60.61
