batch class_loss class_acc conf_loss conf
0 1.2865 53.12 0.4614 62.17
10 1.0469 68.75 0.4977 57.59
20 1.1769 62.50 0.5974 62.20
30 1.2724 56.25 0.6296 64.07
40 0.7951 68.75 0.4518 64.17
50 1.2951 53.12 0.5270 57.97
60 0.8847 65.62 0.5459 59.02
70 0.8888 75.00 0.4612 61.89
80 1.3715 59.38 0.4122 60.32
90 1.4363 59.38 0.4669 60.51
100 1.7466 37.50 0.5620 57.33
110 1.5566 40.62 0.6383 58.93
120 1.5024 50.00 0.5536 58.41
130 0.9190 78.12 0.5236 62.38
140 1.3298 53.12 0.5105 61.80
150 1.2409 59.38 0.5174 60.74
160 1.2847 43.75 0.5516 59.94
170 0.7063 71.88 0.4005 64.11
180 1.0730 62.50 0.4437 59.80
190 1.2373 46.88 0.5460 61.22
200 0.9790 65.62 0.6701 64.87
210 1.7563 46.88 0.5927 59.12
220 0.9624 71.88 0.4518 59.22
230 1.1928 65.62 0.5116 60.80
240 1.2286 59.38 0.3933 61.36
250 1.2684 59.38 0.5244 62.44
260 0.9751 68.75 0.3400 65.25
270 1.0558 65.62 0.5271 65.58
280 0.9148 65.62 0.4447 63.17
290 1.1516 62.50 0.4532 59.14
300 0.9341 65.62 0.4713 64.28
310 0.9904 59.38 0.5678 63.02
320 1.0549 62.50 0.4226 60.01
330 1.1280 50.00 0.4988 60.06
340 0.8059 75.00 0.5542 60.52
350 1.0588 65.62 0.5659 66.91
360 0.9091 65.62 0.4525 65.22
370 1.3856 62.50 0.5131 63.38
380 1.1485 62.50 0.6382 59.62
390 0.9957 65.62 0.4825 59.47
400 0.9327 71.88 0.4990 60.98
410 0.8864 75.00 0.4365 66.10
420 0.8601 75.00 0.6429 63.97
430 0.8894 78.12 0.4676 62.28
440 1.3389 50.00 0.5993 63.88
450 2.0632 43.75 0.6731 63.46
460 1.0597 68.75 0.4575 64.85
470 0.9594 71.88 0.4167 62.24
480 0.8779 75.00 0.6087 59.91
490 1.2209 59.38 0.5059 60.09
500 1.2541 65.62 0.7027 59.00
510 1.0166 71.88 0.4229 61.51
520 1.2273 62.50 0.6349 58.04
530 1.3260 46.88 0.4642 63.16
540 0.8413 75.00 0.4611 61.99
550 1.2807 62.50 0.4322 60.42
560 1.1016 62.50 0.4762 61.38
570 0.9238 75.00 0.4990 62.14
580 1.0120 62.50 0.5655 60.38
590 0.9314 75.00 0.6691 62.93
600 0.9581 75.00 0.4823 64.32
610 1.0671 65.62 0.5178 65.89
620 0.9596 65.62 0.4520 62.74
630 1.4260 53.12 0.6111 60.50
640 1.3130 56.25 0.4542 57.74
650 1.3157 56.25 0.5169 59.77
660 1.1891 56.25 0.7096 61.21
670 1.3505 59.38 0.4980 61.51
680 1.4717 40.62 0.5077 60.03
690 1.0146 62.50 0.4875 60.75
700 1.6436 46.88 0.6298 60.27
710 0.8948 71.88 0.4840 64.25
720 0.7040 75.00 0.2735 65.44
730 1.0488 62.50 0.4869 61.46
740 1.2686 62.50 0.5638 62.15
750 1.4260 46.88 0.5871 59.43
760 0.9589 68.75 0.4788 58.71
770 0.8963 75.00 0.3630 59.39
780 1.3313 53.12 0.5414 61.88
790 1.3970 62.50 0.5157 60.20
800 1.3962 59.38 0.6696 61.73
810 1.2152 59.38 0.5392 62.12
820 0.9592 65.62 0.3411 63.69
830 1.0292 65.62 0.5840 64.05
840 0.8982 75.00 0.6302 64.87
850 0.9042 65.62 0.5451 62.20
860 1.2041 50.00 0.5694 63.88
870 1.3370 46.88 0.5257 61.13
880 0.8631 75.00 0.4121 62.82
890 1.2123 59.38 0.5497 59.83
900 0.8763 75.00 0.4690 63.72
910 1.5741 50.00 0.6195 62.76
920 1.3066 62.50 0.4684 61.64
930 1.5021 46.88 0.5105 61.26
940 1.1108 59.38 0.5746 61.11
950 1.5546 40.62 0.7090 65.73
960 1.2646 56.25 0.5129 60.47
970 1.6624 50.00 0.7981 64.59
980 1.1005 59.38 0.4220 60.00
990 1.3094 62.50 0.4528 57.74
1000 1.2201 56.25 0.5397 60.73
1010 0.9873 62.50 0.5152 63.93
1020 1.1811 46.88 0.4552 59.05
1030 1.2156 59.38 0.5444 61.80
1040 1.4302 53.12 0.5823 63.15
1050 0.9054 65.62 0.3894 66.32
1060 1.1755 68.75 0.3948 65.29
1070 1.1704 59.38 0.4736 58.29
1080 1.1933 56.25 0.5177 55.96
1090 1.2385 59.38 0.4622 58.97
1100 1.1472 59.38 0.4992 59.98
1110 1.3403 53.12 0.4491 60.93
1120 1.2931 59.38 0.5117 58.01
1130 1.1063 62.50 0.5225 60.01
1140 0.9186 62.50 0.3748 62.48
1150 1.4940 50.00 0.7299 66.00
1160 1.1863 59.38 0.5910 57.44
1170 1.1999 56.25 0.4547 67.10
1180 1.0067 65.62 0.4467 64.98
1190 1.3091 56.25 0.4815 64.18
1200 1.1371 62.50 0.4589 59.12
1210 0.8178 75.00 0.5171 63.10
1220 0.8745 68.75 0.2961 62.97
1230 0.9638 68.75 0.4736 64.36
1240 1.4748 56.25 0.5981 59.25
1250 0.8384 81.25 0.4632 59.77
1260 0.9937 59.38 0.3961 63.79
1270 0.8983 62.50 0.4946 62.15
1280 1.1810 62.50 0.5837 61.73
1290 0.9108 75.00 0.4928 63.21
1300 1.0040 59.38 0.4082 61.54
1310 1.1224 62.50 0.4160 63.99
1320 1.3700 50.00 0.4863 62.60
1330 0.9041 62.50 0.4725 61.95
1340 1.3334 56.25 0.5185 64.19
1350 1.0427 71.88 0.4956 62.32
1360 1.1236 56.25 0.5702 62.36
1370 1.2389 56.25 0.5622 60.97
1380 1.0939 62.50 0.4263 59.12
1390 1.2120 59.38 0.6724 66.40
1400 1.0292 68.75 0.4417 63.62
1410 1.1366 62.50 0.5867 61.20
1420 0.9839 75.00 0.5323 62.51
1430 0.8296 75.00 0.4898 61.83
1440 0.8931 65.62 0.5081 66.74
1450 1.1008 56.25 0.3571 59.36
1460 1.0308 62.50 0.4180 62.13
1470 1.2539 59.38 0.5797 59.89
1480 0.8686 71.88 0.4918 62.22
1490 0.8838 75.00 0.4966 64.64
1500 1.4206 50.00 0.5038 60.43
1510 1.4006 46.88 0.6374 65.44
1520 1.1031 65.62 0.5098 61.78
1530 1.5057 43.75 0.7141 61.99
1540 1.0010 65.62 0.5065 59.66
1550 1.2514 53.12 0.6116 58.11
1560 1.1021 65.62 0.5523 59.55
1570 1.0110 53.12 0.4565 58.15
1580 1.4539 53.12 0.5580 62.58
1590 1.1327 56.25 0.4575 60.04
1600 1.0764 56.25 0.4836 59.16
1610 1.0993 59.38 0.4457 58.74
1620 1.4240 53.12 0.5401 53.84
1630 0.9472 68.75 0.5528 56.69
1640 1.0621 65.62 0.4192 61.64
1650 1.0340 59.38 0.5356 60.80
1660 1.3123 59.38 0.3845 62.65
1670 1.4016 50.00 0.6374 60.11
1680 1.1876 65.62 0.5868 60.24
1690 0.9217 68.75 0.4158 61.41
1700 0.8891 71.88 0.3697 65.90
1710 0.9258 78.12 0.5281 64.52
1720 0.7248 71.88 0.4824 62.62
1730 1.3049 53.12 0.5724 61.52
1740 1.2481 59.38 0.4705 59.91
1750 1.2414 59.38 0.5776 61.53
1760 1.3751 53.12 0.5189 63.67
1770 1.2780 46.88 0.3523 62.14
1780 1.0854 62.50 0.5400 60.23
1790 1.2319 56.25 0.5043 60.12
1800 1.1221 65.62 0.4144 61.23
1810 1.1860 65.62 0.4700 65.02
1820 0.7941 75.00 0.3775 62.90
1830 1.1444 68.75 0.6111 60.94
1840 0.7609 81.25 0.4767 63.76
1850 1.1022 62.50 0.4317 61.01
1860 1.0698 62.50 0.3696 59.77
1870 1.2396 59.38 0.6064 63.59
