batch class_loss class_acc conf_loss conf
0 1.3058 53.12 0.5481 58.34
10 0.8619 75.00 0.4818 59.13
20 1.2787 56.25 0.4776 64.49
30 1.0717 59.38 0.4371 60.19
40 1.0744 65.62 0.7021 61.05
50 1.0394 65.62 0.4529 61.72
60 1.1129 65.62 0.4460 60.21
70 1.1124 62.50 0.4789 57.63
80 1.2698 53.12 0.5677 59.56
90 1.3736 65.62 0.5446 59.13
100 1.1866 56.25 0.4741 59.14
110 1.0849 68.75 0.4792 56.54
120 1.1462 53.12 0.5913 60.30
130 1.2718 59.38 0.5144 59.13
140 0.9289 78.12 0.6266 55.73
150 1.0279 56.25 0.5362 55.97
160 1.3243 56.25 0.6914 57.84
170 1.5177 56.25 0.5531 56.69
180 1.0646 65.62 0.5023 60.75
190 0.9622 65.62 0.5214 61.83
200 0.9359 78.12 0.5587 59.25
210 1.2665 56.25 0.5980 62.90
220 1.3897 43.75 0.6280 60.64
230 1.0708 59.38 0.5606 60.01
240 1.1119 56.25 0.6186 58.84
250 1.6527 46.88 0.5854 57.60
260 1.1155 59.38 0.5607 59.77
270 1.1037 56.25 0.6578 59.10
280 1.4175 59.38 0.6299 59.15
290 1.2949 53.12 0.5844 63.17
300 1.5608 40.62 0.5777 63.30
310 1.2313 65.62 0.4980 60.85
320 1.1998 56.25 0.4413 58.44
330 1.4107 56.25 0.5742 59.04
340 1.0789 71.88 0.5532 62.80
350 1.1382 65.62 0.5735 59.60
360 1.2685 56.25 0.4418 61.47
370 1.1871 62.50 0.5087 61.43
380 1.3367 50.00 0.5875 57.82
390 1.1010 62.50 0.4653 60.61
400 1.4678 46.88 0.6666 60.93
410 1.0125 56.25 0.5027 58.97
420 1.1775 56.25 0.5703 60.13
430 1.1999 62.50 0.5356 59.60
440 0.9811 68.75 0.5767 61.98
450 0.9156 68.75 0.6833 60.74
460 1.2331 56.25 0.5926 57.26
470 1.5520 50.00 0.4682 58.18
480 0.9601 65.62 0.4419 59.12
490 1.2039 68.75 0.6266 60.03
500 0.9403 68.75 0.5244 66.32
510 1.3527 53.12 0.5704 63.22
520 0.9379 68.75 0.5187 62.17
530 1.0293 65.62 0.4168 59.79
540 1.0960 59.38 0.6081 56.49
550 1.2841 53.12 0.6282 55.59
560 0.8954 68.75 0.5460 58.71
570 1.0424 56.25 0.5627 60.34
580 0.9390 68.75 0.5032 60.59
590 1.4071 46.88 0.6370 61.60
600 1.0552 68.75 0.5884 57.97
610 1.1546 65.62 0.5127 61.73
620 0.8677 78.12 0.4314 64.34
630 1.2733 59.38 0.6176 62.83
640 1.4480 40.62 0.6038 63.83
650 1.0294 65.62 0.4796 58.74
660 0.9306 65.62 0.4582 61.37
670 1.2930 56.25 0.5523 59.05
680 1.4234 50.00 0.6674 60.24
690 0.9949 62.50 0.3893 59.39
700 0.9438 65.62 0.5438 59.99
710 1.4851 46.88 0.6338 63.31
720 1.0137 65.62 0.5498 61.17
730 1.1546 62.50 0.6225 61.28
740 0.9256 65.62 0.3984 58.34
750 1.2166 56.25 0.6409 58.79
760 1.2653 62.50 0.4739 60.90
770 1.2328 59.38 0.6120 63.90
780 1.2740 43.75 0.6758 65.10
790 0.9940 62.50 0.4275 59.89
800 1.3012 59.38 0.5018 60.09
810 1.0624 68.75 0.5259 62.28
820 0.8411 75.00 0.4782 63.38
830 1.5733 50.00 0.4558 63.95
840 1.1767 65.62 0.6811 67.63
850 1.1306 62.50 0.4489 63.25
860 1.2615 53.12 0.4168 58.16
870 0.9393 75.00 0.5055 61.55
880 1.5253 37.50 0.5017 61.24
890 0.9347 75.00 0.4572 62.15
900 1.3091 53.12 0.6165 66.47
910 1.1251 62.50 0.6054 58.65
920 0.8971 78.12 0.5548 60.89
930 1.2611 59.38 0.7000 58.27
940 1.4897 56.25 0.6522 57.25
950 1.5677 50.00 0.5677 61.98
960 1.1347 59.38 0.4401 65.00
970 0.9641 71.88 0.5161 62.29
980 1.3243 50.00 0.6398 62.08
990 1.3923 53.12 0.5776 60.56
1000 1.0990 65.62 0.6113 58.94
1010 1.3207 59.38 0.4680 58.53
1020 1.3344 56.25 0.6260 57.76
1030 1.3403 59.38 0.7163 60.90
1040 0.7800 75.00 0.5466 64.81
1050 1.4383 50.00 0.5817 65.75
1060 1.0106 62.50 0.3916 64.89
1070 1.3634 56.25 0.5294 61.67
1080 1.1426 56.25 0.5523 58.89
1090 1.1097 65.62 0.5931 62.05
1100 1.1817 62.50 0.5607 59.78
1110 1.1825 59.38 0.4892 58.66
1120 1.4843 43.75 0.4893 61.55
1130 1.1700 62.50 0.5562 57.56
1140 1.1823 62.50 0.5215 58.50
1150 1.1099 65.62 0.5844 64.48
1160 1.0512 53.12 0.5942 62.90
1170 1.2770 59.38 0.4910 64.02
1180 1.4973 46.88 0.6780 60.70
1190 1.1972 56.25 0.5385 61.44
1200 1.5116 43.75 0.4110 57.63
1210 1.1795 62.50 0.5182 59.17
1220 0.9149 71.88 0.4590 60.00
1230 1.3884 62.50 0.6662 60.87
1240 1.0532 62.50 0.4963 60.67
1250 0.9229 71.88 0.5071 60.17
1260 1.2251 59.38 0.4404 60.65
1270 1.2550 56.25 0.4960 61.82
1280 1.5166 46.88 0.6236 59.14
1290 1.1132 68.75 0.4925 58.24
1300 1.2284 53.12 0.5017 60.45
1310 0.9065 78.12 0.5065 58.87
1320 1.1636 56.25 0.5108 62.69
1330 1.2481 50.00 0.4740 58.46
1340 0.8502 65.62 0.5982 57.97
1350 1.1936 59.38 0.5890 58.69
1360 1.2351 50.00 0.4522 56.44
1370 1.1309 56.25 0.5483 62.38
1380 1.1183 53.12 0.3992 61.74
1390 1.3671 59.38 0.5429 59.82
1400 0.9538 71.88 0.5109 61.45
1410 1.0663 59.38 0.3988 64.23
1420 1.0669 65.62 0.5558 63.22
1430 1.2155 59.38 0.6924 62.28
1440 1.1878 56.25 0.6339 61.60
1450 1.1672 56.25 0.4512 58.57
1460 1.6360 50.00 0.6069 58.53
1470 1.2829 53.12 0.4904 59.26
1480 1.2904 53.12 0.4690 60.06
1490 0.9928 65.62 0.5112 62.68
1500 0.8867 68.75 0.4993 63.92
1510 1.0836 62.50 0.4097 65.41
1520 0.9339 71.88 0.4610 59.54
1530 0.8653 68.75 0.3342 63.80
1540 1.4417 56.25 0.5902 67.71
1550 1.0865 62.50 0.6140 61.90
1560 1.0615 62.50 0.4903 62.78
1570 0.9083 68.75 0.4165 63.13
1580 1.2505 56.25 0.4989 59.27
1590 0.9882 65.62 0.6070 61.58
1600 1.5084 43.75 0.4976 55.91
1610 1.0275 65.62 0.3856 61.87
1620 0.9122 65.62 0.4513 63.73
1630 1.2657 50.00 0.4219 63.30
1640 1.5265 43.75 0.7315 60.82
1650 1.4633 43.75 0.8318 57.79
1660 0.9447 68.75 0.5001 57.56
1670 1.0333 65.62 0.4602 56.55
1680 0.9751 59.38 0.3626 62.82
1690 1.2680 53.12 0.5499 64.50
1700 1.0544 59.38 0.5057 62.86
1710 1.1364 62.50 0.4588 59.63
1720 1.1285 56.25 0.4692 62.49
1730 0.9916 65.62 0.4779 59.12
1740 1.2166 62.50 0.5568 55.63
1750 1.4885 46.88 0.4952 63.20
1760 0.8350 75.00 0.4614 64.70
1770 1.1397 59.38 0.6823 58.86
1780 1.0810 65.62 0.4414 63.67
1790 1.1912 59.38 0.5313 61.23
1800 1.5227 46.88 0.6000 58.16
1810 1.2442 59.38 0.4986 55.78
1820 1.1564 62.50 0.5875 58.27
1830 0.8602 71.88 0.4560 60.67
1840 0.9417 65.62 0.4597 60.61
1850 0.9605 71.88 0.4671 61.44
1860 0.7992 68.75 0.4124 63.17
1870 1.2454 59.38 0.6216 62.31
