batch class_loss class_acc conf_loss conf
0 1.0504 68.75 0.3943 61.69
10 0.8420 78.12 0.5340 60.64
20 0.9953 68.75 0.3988 60.46
30 1.1620 59.38 0.5115 63.61
40 1.0715 62.50 0.4507 60.45
50 0.8371 71.88 0.3542 64.56
60 1.0146 65.62 0.4191 64.93
70 1.3810 50.00 0.5423 60.73
80 0.8881 62.50 0.4422 62.08
90 1.3172 53.12 0.6850 60.73
100 1.4412 46.88 0.4161 58.71
110 0.8289 71.88 0.4951 57.84
120 1.4531 56.25 0.6434 57.11
130 1.0306 68.75 0.5044 58.19
140 1.1932 65.62 0.5881 64.02
150 1.2007 59.38 0.5462 64.14
160 1.0005 62.50 0.3552 63.25
170 0.9686 68.75 0.4860 63.92
180 1.2214 59.38 0.5361 62.14
190 0.9838 71.88 0.4858 58.43
200 1.0590 65.62 0.5185 65.64
210 0.8758 75.00 0.4987 62.87
220 1.1364 62.50 0.5062 69.34
230 0.7485 75.00 0.3840 66.80
240 1.4059 50.00 0.6052 66.00
250 1.4239 59.38 0.6151 62.32
260 1.1979 50.00 0.3642 61.94
270 1.0205 53.12 0.4825 61.32
280 1.0587 71.88 0.5330 62.84
290 1.1371 62.50 0.5244 62.18
300 1.2297 59.38 0.4188 60.29
310 0.8129 68.75 0.3632 65.29
320 1.1383 59.38 0.5405 61.66
330 1.0252 68.75 0.4276 62.16
340 1.0541 62.50 0.5375 61.37
350 1.2653 59.38 0.5064 61.28
360 1.3685 43.75 0.5040 59.62
370 1.6641 50.00 0.4629 57.93
380 1.0112 68.75 0.4737 59.22
390 1.1054 59.38 0.4960 63.49
400 1.1126 56.25 0.3362 61.34
410 0.9535 65.62 0.4094 64.58
420 1.1542 62.50 0.4393 66.11
430 1.0818 71.88 0.5479 64.36
440 1.0769 71.88 0.5097 61.32
450 0.8964 75.00 0.5203 63.27
460 1.0157 53.12 0.4730 62.19
470 0.8193 75.00 0.5156 66.30
480 1.4598 50.00 0.5021 66.17
490 1.0661 62.50 0.4258 66.72
500 0.9150 65.62 0.3762 65.58
510 1.1282 53.12 0.6438 57.88
520 0.7695 84.38 0.4809 62.88
530 0.8752 65.62 0.5591 65.19
540 1.0213 65.62 0.5013 61.47
550 1.2355 56.25 0.5161 65.25
560 1.1839 50.00 0.4449 63.78
570 0.8479 71.88 0.3932 61.01
580 0.9134 71.88 0.4161 65.58
590 1.5708 46.88 0.6601 60.19
600 1.1245 62.50 0.4750 59.25
610 1.4475 53.12 0.5447 65.12
620 0.9682 62.50 0.4123 61.63
630 1.0003 68.75 0.4645 64.66
640 0.6923 81.25 0.4546 64.16
650 1.0829 59.38 0.6370 63.54
660 1.3152 53.12 0.5167 61.40
670 1.0563 62.50 0.5212 60.65
680 1.1584 65.62 0.5496 62.72
690 0.8257 71.88 0.4510 65.39
700 0.9831 71.88 0.5797 65.14
710 1.1538 68.75 0.4718 58.85
720 1.2259 50.00 0.4191 59.09
730 1.1302 62.50 0.5518 59.14
740 1.3485 50.00 0.5025 59.39
750 1.2531 56.25 0.5396 57.48
760 1.5312 56.25 0.5561 64.25
770 0.9734 62.50 0.5813 64.36
780 1.4117 46.88 0.7586 62.35
790 1.1705 65.62 0.5570 63.48
800 1.3494 46.88 0.6216 62.77
810 1.1881 53.12 0.4228 57.07
820 1.0600 56.25 0.4493 59.24
830 1.1843 53.12 0.4750 59.77
840 1.4570 50.00 0.6585 66.54
850 1.1851 53.12 0.5471 62.63
860 0.9220 71.88 0.3391 63.41
870 1.5775 50.00 0.6380 64.07
880 0.9835 65.62 0.3432 62.21
890 1.1872 50.00 0.3996 60.62
900 1.0751 56.25 0.6173 59.65
910 1.0599 62.50 0.5042 61.79
920 1.0674 62.50 0.3852 64.55
930 0.9214 71.88 0.4218 60.11
940 1.1782 50.00 0.4078 61.66
950 1.4056 46.88 0.3903 56.52
960 1.1605 65.62 0.4078 62.66
970 0.7719 71.88 0.4990 62.64
980 0.8368 71.88 0.3637 65.19
990 1.3157 59.38 0.6313 65.95
1000 0.9384 71.88 0.4402 62.10
1010 1.6536 43.75 0.7051 65.73
1020 0.9293 68.75 0.3886 62.19
1030 1.2279 56.25 0.5378 59.40
1040 0.8677 71.88 0.4836 64.09
1050 1.0968 68.75 0.4601 62.03
1060 1.3889 46.88 0.4992 62.86
1070 0.8664 59.38 0.4878 62.03
1080 1.3334 53.12 0.5230 61.90
1090 1.4336 56.25 0.5021 60.98
1100 0.9906 62.50 0.3471 59.42
1110 1.1375 59.38 0.8375 68.29
1120 1.2198 59.38 0.4533 63.03
1130 1.2150 59.38 0.4723 61.90
1140 1.3168 53.12 0.5149 61.88
1150 0.7151 71.88 0.4393 63.41
1160 1.1098 68.75 0.5095 63.00
1170 1.4229 50.00 0.5742 62.72
1180 1.1573 59.38 0.5216 60.35
1190 1.1826 46.88 0.5479 61.78
1200 0.8566 68.75 0.4130 62.38
1210 1.0197 68.75 0.4592 64.29
1220 0.7713 78.12 0.3688 61.39
1230 1.7169 46.88 0.6608 62.89
1240 1.2650 62.50 0.5147 62.35
1250 1.1255 59.38 0.4369 58.59
1260 1.1724 59.38 0.5895 59.38
1270 0.9152 68.75 0.4561 66.16
1280 1.0684 68.75 0.5361 65.12
1290 1.2334 46.88 0.4971 63.33
1300 0.9840 65.62 0.4083 62.39
1310 1.1482 65.62 0.5749 60.71
1320 1.0701 56.25 0.4879 65.87
1330 1.2991 62.50 0.5691 62.84
1340 0.7623 71.88 0.3672 61.01
1350 1.1147 56.25 0.4586 61.49
1360 0.9788 68.75 0.6336 66.15
1370 0.9009 71.88 0.3555 67.20
1380 1.0206 56.25 0.5172 65.48
1390 1.1667 59.38 0.5114 60.58
1400 0.8642 71.88 0.4449 65.94
1410 0.9462 68.75 0.5223 63.86
1420 1.5319 50.00 0.6113 64.83
1430 1.0355 62.50 0.4626 66.73
1440 1.4801 53.12 0.6988 69.87
1450 0.8972 71.88 0.3754 63.57
1460 1.1850 68.75 0.4821 66.72
1470 1.1690 56.25 0.3994 60.72
1480 1.0624 59.38 0.3624 62.66
1490 0.8924 71.88 0.4994 57.20
1500 0.9490 68.75 0.5245 66.33
1510 1.4926 46.88 0.6778 64.04
1520 1.2202 50.00 0.4571 61.87
1530 1.2656 65.62 0.5258 59.17
1540 1.0214 62.50 0.4753 61.27
1550 0.9152 68.75 0.4802 60.52
1560 0.9447 62.50 0.5310 62.27
1570 1.4059 50.00 0.5019 62.57
1580 1.1318 62.50 0.6317 59.35
1590 1.0669 56.25 0.5223 59.12
1600 0.8568 75.00 0.4281 63.20
1610 0.9687 62.50 0.3730 65.18
1620 1.5345 53.12 0.5045 62.87
1630 0.7575 68.75 0.4047 60.96
1640 1.2816 59.38 0.4091 60.19
1650 1.4179 46.88 0.6438 67.41
1660 0.9102 65.62 0.3428 62.22
1670 1.3901 56.25 0.5916 62.18
1680 0.6802 81.25 0.4085 64.07
1690 0.8161 71.88 0.4147 64.30
1700 1.3092 62.50 0.4738 62.92
1710 1.3855 46.88 0.5917 64.23
1720 1.3421 56.25 0.5296 60.35
1730 0.8495 78.12 0.5487 63.40
1740 1.0747 65.62 0.3834 62.41
1750 0.9486 65.62 0.4068 64.10
1760 1.1448 59.38 0.4986 63.61
1770 0.9455 68.75 0.3967 64.88
1780 1.1279 53.12 0.4713 61.72
1790 1.1441 62.50 0.4565 65.88
1800 0.7567 75.00 0.4600 61.88
1810 0.5740 78.12 0.3466 66.57
1820 0.9505 65.62 0.4423 60.71
1830 1.1849 59.38 0.4391 60.56
1840 1.0181 65.62 0.4129 65.43
1850 1.3299 50.00 0.5953 62.45
1860 1.0948 50.00 0.4431 62.46
1870 0.9952 62.50 0.4827 62.85
