batch class_loss class_acc conf_loss conf
0 0.8429 75.00 0.4257 61.49
10 1.2787 43.75 0.6111 62.61
20 1.0719 59.38 0.6328 64.70
30 1.4876 50.00 0.5783 60.85
40 1.1088 56.25 0.4542 58.87
50 1.2093 68.75 0.5330 61.43
60 0.9131 75.00 0.5782 60.17
70 1.2350 53.12 0.4895 62.34
80 1.0955 71.88 0.5254 63.30
90 1.1751 53.12 0.5082 59.58
100 1.1062 59.38 0.5472 61.15
110 1.2812 53.12 0.6360 59.38
120 1.1089 62.50 0.5072 63.06
130 1.1878 43.75 0.5166 60.64
140 1.0345 59.38 0.4483 62.61
150 1.0642 65.62 0.4588 59.91
160 0.7478 78.12 0.5713 59.77
170 1.0502 65.62 0.3514 61.78
180 1.0540 71.88 0.5188 64.49
190 0.9236 71.88 0.4852 62.17
200 1.2166 50.00 0.6366 57.94
210 1.1646 59.38 0.5721 59.06
220 1.1405 62.50 0.4662 59.88
230 1.0833 65.62 0.5047 59.93
240 1.1947 56.25 0.5601 59.24
250 0.7645 71.88 0.3998 59.90
260 1.0271 65.62 0.4119 62.63
270 0.6955 78.12 0.4024 66.32
280 1.2268 50.00 0.5354 62.22
290 1.1310 53.12 0.6095 61.55
300 1.3849 59.38 0.7750 60.10
310 1.2412 62.50 0.5389 60.12
320 0.9562 62.50 0.5155 61.72
330 1.0472 62.50 0.5856 55.69
340 1.2353 59.38 0.4661 57.16
350 1.1643 56.25 0.5712 62.50
360 1.2867 65.62 0.5090 65.11
370 1.1656 50.00 0.5644 63.17
380 1.0793 59.38 0.5738 61.36
390 1.0603 75.00 0.6089 59.59
400 0.9657 68.75 0.6243 62.92
410 1.1882 65.62 0.5511 63.65
420 1.4324 62.50 0.6037 60.81
430 1.1463 59.38 0.6222 61.47
440 0.9010 71.88 0.5213 65.22
450 1.3609 53.12 0.6005 64.77
460 1.1165 68.75 0.5950 63.75
470 0.9022 68.75 0.3993 60.65
480 1.0062 75.00 0.4648 61.89
490 1.0829 62.50 0.4798 63.60
500 0.9158 62.50 0.5807 60.55
510 0.7789 71.88 0.4403 60.06
520 1.2376 56.25 0.5770 56.74
530 1.1980 46.88 0.6224 58.79
540 0.9153 65.62 0.4707 60.03
550 1.1350 59.38 0.3793 59.19
560 1.1418 62.50 0.5695 58.88
570 1.2972 56.25 0.4581 60.55
580 1.3869 56.25 0.5535 60.30
590 1.1583 59.38 0.5985 64.14
600 0.8816 62.50 0.4617 63.95
610 1.2204 68.75 0.4698 60.52
620 0.9459 68.75 0.4699 58.37
630 1.0063 71.88 0.4959 59.04
640 1.2662 56.25 0.5286 59.60
650 1.0673 59.38 0.3531 63.03
660 1.1309 65.62 0.3522 63.56
670 1.3094 56.25 0.5140 59.65
680 0.7075 78.12 0.4422 62.03
690 1.2877 50.00 0.4793 65.39
700 0.8874 68.75 0.4996 62.89
710 1.4218 43.75 0.5746 63.00
720 1.0386 59.38 0.4598 63.31
730 0.8076 81.25 0.5049 62.60
740 1.2585 56.25 0.7592 61.37
750 1.0692 65.62 0.4361 62.17
760 1.2272 56.25 0.4426 61.76
770 1.2093 59.38 0.5685 61.21
780 0.9700 65.62 0.4692 63.53
790 0.8308 75.00 0.3734 64.67
800 1.2159 59.38 0.5091 60.47
810 1.3353 53.12 0.5040 59.84
820 1.0235 65.62 0.5637 55.63
830 1.1932 62.50 0.5693 60.00
840 1.1226 65.62 0.5682 57.95
850 1.1118 68.75 0.6132 67.20
860 1.2184 59.38 0.4896 62.32
870 1.2379 56.25 0.5662 63.89
880 1.3321 53.12 0.5198 65.26
890 1.0876 71.88 0.5927 59.95
900 1.5095 43.75 0.5388 56.00
910 1.2860 59.38 0.6576 61.39
920 1.0836 65.62 0.5677 58.88
930 1.1290 65.62 0.4965 62.45
940 1.1003 68.75 0.5304 63.17
950 1.0105 59.38 0.4577 66.92
960 0.9581 68.75 0.4614 60.64
970 1.1896 50.00 0.4293 59.18
980 0.8445 71.88 0.4977 63.04
990 1.0618 68.75 0.5117 60.84
1000 0.9269 68.75 0.4954 62.53
1010 1.2108 50.00 0.6809 65.23
1020 0.8659 68.75 0.3805 62.92
1030 1.0845 68.75 0.4524 67.11
1040 0.9231 65.62 0.6066 65.49
1050 1.0359 65.62 0.5445 63.13
1060 0.9867 68.75 0.4660 63.74
1070 0.8924 68.75 0.3668 62.57
1080 0.8617 65.62 0.4216 63.19
1090 0.6982 75.00 0.3811 65.48
1100 1.1658 65.62 0.6305 64.11
1110 0.5967 81.25 0.4564 65.63
1120 1.2089 59.38 0.5397 65.73
1130 1.0241 56.25 0.4027 64.10
1140 1.0769 62.50 0.4181 61.99
1150 0.7426 84.38 0.4452 62.41
1160 1.1057 53.12 0.5438 67.41
1170 1.0731 62.50 0.4882 65.34
1180 1.2091 68.75 0.6154 58.77
1190 0.9723 65.62 0.4746 62.42
1200 1.0083 68.75 0.4964 63.15
1210 1.3717 56.25 0.5092 57.01
1220 0.8616 75.00 0.4606 56.45
1230 1.0402 59.38 0.5321 57.24
1240 1.0505 71.88 0.4318 64.01
1250 0.8196 68.75 0.6103 66.98
1260 1.1396 56.25 0.3662 62.81
1270 1.1692 56.25 0.4754 63.56
1280 1.2553 50.00 0.3884 60.40
1290 1.1032 56.25 0.4137 57.72
1300 1.1091 65.62 0.4819 61.16
1310 1.1862 56.25 0.6526 62.44
1320 1.5141 46.88 0.5618 62.44
1330 0.9657 65.62 0.4753 62.93
1340 1.1605 53.12 0.4477 62.16
1350 1.4692 56.25 0.5738 58.73
1360 1.2197 62.50 0.6680 62.11
1370 1.2527 53.12 0.5514 61.21
1380 1.4241 46.88 0.5021 65.04
1390 1.1925 46.88 0.4545 57.16
1400 1.3784 62.50 0.6089 62.54
1410 1.3628 50.00 0.5362 61.71
1420 1.2418 56.25 0.5705 65.50
1430 0.9702 59.38 0.4519 65.20
1440 1.0023 59.38 0.3579 60.49
1450 0.8748 71.88 0.5136 61.28
1460 1.6309 50.00 0.7525 58.81
1470 0.9043 75.00 0.5550 55.88
1480 1.2906 59.38 0.4095 57.10
1490 0.9865 68.75 0.5424 56.07
1500 1.1251 59.38 0.4462 59.71
1510 1.0656 65.62 0.6068 63.44
1520 1.3083 56.25 0.6271 65.66
1530 0.7271 75.00 0.3902 62.40
1540 1.1996 50.00 0.5102 62.51
1550 1.0668 62.50 0.5397 64.02
1560 1.0637 65.62 0.3918 64.74
1570 0.8771 71.88 0.4999 61.42
1580 1.2693 56.25 0.4595 57.60
1590 1.1686 53.12 0.4659 60.50
1600 1.2592 50.00 0.5523 56.58
1610 1.3038 56.25 0.6436 61.18
1620 1.1682 71.88 0.6174 60.84
1630 0.9124 71.88 0.5022 61.10
1640 0.8916 65.62 0.4352 61.00
1650 0.9504 59.38 0.5617 61.68
1660 0.7218 71.88 0.5063 61.54
1670 1.1675 56.25 0.6040 64.12
1680 1.2084 53.12 0.4676 58.61
1690 0.9630 62.50 0.3659 61.19
1700 1.1243 59.38 0.6062 63.08
1710 1.0324 68.75 0.6889 64.34
1720 1.2197 50.00 0.5331 63.46
1730 1.2018 59.38 0.5536 61.97
1740 1.2892 56.25 0.3624 57.69
1750 0.9780 62.50 0.4721 61.63
1760 1.0584 65.62 0.4114 59.63
1770 1.1249 56.25 0.3706 61.72
1780 1.3747 46.88 0.6098 61.30
1790 1.3430 56.25 0.5497 62.93
1800 0.9450 75.00 0.5135 60.13
1810 0.7766 71.88 0.5289 63.99
1820 1.1369 62.50 0.4815 60.65
1830 1.0646 62.50 0.4800 60.94
1840 0.9173 71.88 0.5266 59.31
1850 0.9992 62.50 0.4258 59.84
1860 1.4672 59.38 0.4636 62.70
1870 1.1641 59.38 0.4248 59.99
