batch class_loss class_acc conf_loss conf
0 1.0891 56.25 0.4814 59.28
10 1.0192 62.50 0.4371 63.95
20 1.2469 59.38 0.4614 61.05
30 0.8277 71.88 0.4049 66.66
40 0.7800 75.00 0.4027 67.74
50 0.9500 71.88 0.5207 64.56
60 0.9282 71.88 0.5425 64.91
70 0.8981 71.88 0.4353 62.65
80 1.1490 56.25 0.4387 63.24
90 1.3913 46.88 0.4683 63.57
100 1.2721 59.38 0.5114 59.33
110 1.1520 59.38 0.3785 58.29
120 1.2008 53.12 0.5180 59.96
130 1.2685 56.25 0.5156 61.73
140 1.0076 75.00 0.6076 60.72
150 0.8951 65.62 0.3802 63.03
160 1.0668 59.38 0.4796 61.60
170 1.2781 62.50 0.5132 57.62
180 1.3169 56.25 0.5779 61.90
190 0.9541 71.88 0.4601 62.73
200 1.0330 68.75 0.5360 61.37
210 1.2052 59.38 0.5142 61.78
220 0.9410 68.75 0.4339 57.10
230 1.2833 56.25 0.5911 60.94
240 1.2960 59.38 0.4407 60.73
250 1.0656 65.62 0.3793 63.72
260 0.9133 68.75 0.4468 66.30
270 1.4341 59.38 0.5396 64.69
280 1.0024 65.62 0.4103 62.46
290 1.3205 62.50 0.4945 61.78
300 1.4787 50.00 0.5261 59.99
310 1.2586 62.50 0.4461 62.47
320 1.0264 62.50 0.5580 64.42
330 0.9873 62.50 0.4959 64.09
340 1.2041 59.38 0.5168 57.38
350 1.2938 56.25 0.6230 63.74
360 1.0770 65.62 0.3772 63.01
370 1.1502 56.25 0.3683 63.03
380 1.3145 46.88 0.6010 60.51
390 0.9718 68.75 0.4804 59.81
400 0.8561 65.62 0.4476 66.16
410 0.9261 68.75 0.4538 62.83
420 1.4035 62.50 0.4715 62.27
430 1.0531 53.12 0.3540 60.49
440 1.3117 50.00 0.4401 60.70
450 1.1333 71.88 0.4607 62.66
460 0.7362 84.38 0.4630 64.37
470 0.9014 62.50 0.4878 62.89
480 0.9725 65.62 0.4469 59.97
490 1.0581 59.38 0.4914 64.27
500 1.2911 56.25 0.5882 62.01
510 0.8491 75.00 0.3842 65.63
520 1.4962 59.38 0.6053 63.69
530 1.2078 62.50 0.4993 61.62
540 1.4235 50.00 0.5108 59.21
550 1.6196 46.88 0.7096 59.08
560 0.7820 75.00 0.5058 62.05
570 0.9707 62.50 0.4325 60.66
580 1.2608 50.00 0.5947 61.23
590 1.1090 53.12 0.3610 60.97
600 1.2754 56.25 0.5245 59.45
610 0.9267 71.88 0.4468 61.85
620 0.9872 65.62 0.4588 62.37
630 0.6892 75.00 0.3888 68.03
640 1.2236 59.38 0.3606 61.79
650 0.8157 68.75 0.4230 61.23
660 0.8475 75.00 0.5204 62.63
670 1.1281 68.75 0.5780 58.79
680 1.1502 65.62 0.5958 58.43
690 1.0036 65.62 0.4085 60.86
700 1.2835 65.62 0.4220 66.18
710 1.0321 65.62 0.4722 63.60
720 0.8632 75.00 0.4006 63.98
730 1.3213 43.75 0.4328 61.48
740 1.0501 59.38 0.4140 61.55
750 1.3141 62.50 0.5110 57.34
760 1.1699 65.62 0.5990 58.93
770 1.3327 46.88 0.6966 62.17
780 1.1100 56.25 0.4325 60.44
790 0.9481 62.50 0.3943 64.02
800 1.2454 62.50 0.5672 61.68
810 1.4505 50.00 0.6785 64.65
820 1.1699 53.12 0.3722 60.17
830 0.8675 71.88 0.4387 62.40
840 1.4047 50.00 0.5833 62.50
850 1.3078 59.38 0.4948 58.34
860 1.0231 65.62 0.4435 61.24
870 0.8261 71.88 0.4441 64.48
880 1.0323 62.50 0.3700 60.15
890 1.2960 53.12 0.5075 61.23
900 1.0554 62.50 0.5095 64.01
910 0.9649 65.62 0.4098 66.26
920 0.9791 65.62 0.3772 66.63
930 1.2521 65.62 0.5742 65.00
940 0.8191 68.75 0.5146 61.86
950 1.0355 68.75 0.4929 62.57
960 1.1881 65.62 0.4922 63.56
970 1.2154 56.25 0.6081 61.80
980 0.9418 71.88 0.4368 60.59
990 1.2211 62.50 0.4740 62.92
1000 1.5012 53.12 0.5547 67.13
1010 1.0306 71.88 0.4710 60.39
1020 1.1477 62.50 0.4754 59.49
1030 0.7450 75.00 0.3841 66.67
1040 0.9453 71.88 0.3616 61.63
1050 0.8886 68.75 0.2725 69.57
1060 0.8269 71.88 0.4115 64.66
1070 1.1317 62.50 0.6337 61.57
1080 1.0879 53.12 0.4166 59.64
1090 1.2461 59.38 0.5210 62.37
1100 1.3557 53.12 0.5743 62.97
1110 0.9870 68.75 0.4975 65.91
1120 1.1574 68.75 0.6386 62.84
1130 1.1832 62.50 0.5129 60.61
1140 1.0653 56.25 0.3809 60.86
1150 1.0235 71.88 0.4699 60.56
1160 0.8503 78.12 0.5156 61.86
1170 1.0462 53.12 0.6359 63.29
1180 0.8371 75.00 0.5336 64.47
1190 1.2488 53.12 0.6902 62.00
1200 1.1259 56.25 0.3530 59.62
1210 1.1301 62.50 0.4613 62.17
1220 1.0288 65.62 0.4810 62.99
1230 1.2500 56.25 0.4291 60.09
1240 1.1578 56.25 0.4726 62.75
1250 0.8445 71.88 0.6105 61.17
1260 1.0351 68.75 0.5814 58.77
1270 0.6830 75.00 0.4623 64.75
1280 1.5644 50.00 0.5621 63.47
1290 1.0475 62.50 0.8421 62.18
1300 1.5351 46.88 0.4930 62.98
1310 1.2177 56.25 0.3849 60.64
1320 1.3727 56.25 0.5618 58.55
1330 1.2520 56.25 0.5503 63.09
1340 0.8482 75.00 0.3582 66.03
1350 1.1031 56.25 0.4983 66.96
1360 0.8777 68.75 0.4102 66.22
1370 1.4936 59.38 0.6546 62.56
1380 1.0920 56.25 0.3709 63.06
1390 0.8869 68.75 0.4807 62.47
1400 1.3676 56.25 0.5973 64.73
1410 1.3090 43.75 0.5196 63.37
1420 1.4114 43.75 0.6145 62.87
1430 1.2647 59.38 0.4757 59.23
1440 0.8799 68.75 0.4936 58.99
1450 1.0213 65.62 0.5881 55.80
1460 1.3319 56.25 0.5362 61.85
1470 1.3896 53.12 0.3806 63.40
1480 1.4914 53.12 0.5761 61.46
1490 0.8933 68.75 0.5240 65.12
1500 0.9303 71.88 0.3762 63.71
1510 0.8286 78.12 0.4615 62.62
1520 1.3274 56.25 0.4529 62.59
1530 1.1609 65.62 0.5740 61.55
1540 0.8522 71.88 0.3702 60.20
1550 0.8480 78.12 0.5213 60.16
1560 1.1790 56.25 0.3991 64.57
1570 1.2758 40.62 0.6149 65.02
1580 1.1815 53.12 0.5280 61.13
1590 0.9599 68.75 0.4043 63.11
1600 1.0985 62.50 0.4706 60.63
1610 1.0942 59.38 0.4475 62.03
1620 1.0943 62.50 0.4445 62.06
1630 0.8715 71.88 0.4458 64.75
1640 1.0638 56.25 0.4416 63.53
1650 1.4082 53.12 0.4753 64.45
1660 1.1621 62.50 0.5190 61.89
1670 1.0538 62.50 0.4976 58.53
1680 1.0670 62.50 0.4732 62.48
1690 0.9325 68.75 0.4027 64.64
1700 0.8270 71.88 0.4971 60.07
1710 1.3673 43.75 0.6258 61.27
1720 1.1362 62.50 0.3980 61.04
1730 1.1883 62.50 0.4616 58.36
1740 1.1858 65.62 0.5939 60.72
1750 1.1182 62.50 0.5911 59.46
1760 1.3238 50.00 0.5542 59.70
1770 1.0237 59.38 0.4148 61.39
1780 1.1082 68.75 0.4744 59.11
1790 1.1013 62.50 0.5279 63.24
1800 0.8703 68.75 0.4094 60.70
1810 1.1416 62.50 0.5277 59.08
1820 1.1347 56.25 0.4405 56.46
1830 1.2030 59.38 0.3732 62.19
1840 1.0143 62.50 0.5127 61.00
1850 1.0696 56.25 0.4382 59.44
1860 1.0937 59.38 0.4403 57.87
1870 1.0723 65.62 0.6846 56.10
