batch class_loss class_acc conf_loss conf
0 1.2965 50.00 0.6125 61.36
10 0.8766 75.00 0.6826 63.38
20 1.2051 53.12 0.6085 60.37
30 0.8492 68.75 0.4636 57.35
40 1.1613 56.25 0.4790 54.56
50 0.7881 78.12 0.4804 57.38
60 1.2124 56.25 0.6596 62.88
70 0.9859 71.88 0.5522 66.07
80 1.1436 59.38 0.4456 66.14
90 1.5875 59.38 0.6138 61.71
100 1.3281 53.12 0.4879 60.36
110 1.1804 59.38 0.4755 61.54
120 0.9724 65.62 0.4516 61.66
130 1.0190 68.75 0.5362 65.50
140 1.2850 59.38 0.4373 61.71
150 0.9546 65.62 0.4542 63.13
160 1.3957 50.00 0.6519 61.95
170 0.9087 65.62 0.3642 60.86
180 1.2517 50.00 0.6329 63.42
190 1.0696 62.50 0.4873 66.23
200 1.1034 59.38 0.5185 62.17
210 1.0832 59.38 0.5058 60.86
220 1.3163 46.88 0.6358 61.79
230 0.9971 59.38 0.4427 60.40
240 1.1643 62.50 0.5236 61.63
250 1.0223 68.75 0.4222 62.45
260 1.1335 56.25 0.5352 65.20
270 1.1387 75.00 0.5910 62.69
280 1.3516 53.12 0.5710 63.21
290 1.1528 59.38 0.4160 63.08
300 1.3745 56.25 0.5269 63.75
310 0.9948 59.38 0.4368 58.60
320 0.9695 68.75 0.4985 59.29
330 1.3982 56.25 0.6381 60.93
340 1.0100 53.12 0.5033 62.09
350 1.3653 46.88 0.4893 58.16
360 1.5316 56.25 0.5235 57.96
370 1.3916 53.12 0.5188 60.55
380 1.6908 37.50 0.5283 56.89
390 1.4620 46.88 0.6109 55.92
400 1.1874 62.50 0.5357 55.13
410 1.0440 65.62 0.4468 59.54
420 1.0866 59.38 0.4039 64.48
430 1.1314 56.25 0.5954 64.22
440 1.1332 65.62 0.4752 62.74
450 0.8404 68.75 0.5228 64.95
460 1.0557 65.62 0.4090 66.42
470 1.1520 65.62 0.4947 62.40
480 1.2059 62.50 0.5666 56.74
490 0.7410 75.00 0.5222 62.96
500 0.9433 71.88 0.5024 59.96
510 1.2801 62.50 0.4821 60.94
520 1.2075 53.12 0.5121 65.78
530 1.4593 46.88 0.6228 61.80
540 1.4203 53.12 0.5986 59.13
550 1.2989 53.12 0.5754 58.10
560 1.3330 46.88 0.4844 59.23
570 1.0302 65.62 0.5299 57.02
580 0.9280 65.62 0.3738 59.88
590 1.3278 56.25 0.4747 61.50
600 1.0951 68.75 0.4711 62.68
610 1.2650 56.25 0.4947 62.14
620 0.8236 65.62 0.3953 67.65
630 1.0868 65.62 0.4456 65.20
640 1.0541 65.62 0.5538 61.41
650 1.1660 59.38 0.5013 62.75
660 0.7566 71.88 0.5051 64.33
670 1.7176 43.75 0.6218 62.30
680 1.2536 56.25 0.4789 61.39
690 1.1966 59.38 0.5873 58.96
700 0.8988 75.00 0.3963 62.36
710 1.0501 65.62 0.5245 61.79
720 0.8113 71.88 0.4019 63.53
730 1.1788 65.62 0.4921 62.84
740 0.9106 71.88 0.4066 65.54
750 1.0618 75.00 0.6169 66.40
760 1.3245 56.25 0.6174 62.85
770 1.2190 53.12 0.5886 62.76
780 0.9128 62.50 0.5448 63.41
790 1.1336 62.50 0.4697 63.60
800 1.1380 68.75 0.5890 67.37
810 1.0770 62.50 0.4597 67.07
820 1.2606 56.25 0.4496 63.91
830 1.1759 59.38 0.4980 60.25
840 1.2578 59.38 0.4387 60.57
850 0.9401 71.88 0.4973 58.90
860 1.3518 53.12 0.5722 59.44
870 0.8850 71.88 0.3457 63.26
880 0.8887 68.75 0.4334 66.67
890 1.1708 62.50 0.4883 62.81
900 1.3111 46.88 0.4678 63.49
910 1.1065 56.25 0.2903 59.97
920 1.1170 62.50 0.4534 60.53
930 1.0717 62.50 0.5401 62.01
940 0.8216 62.50 0.4375 60.56
950 1.0080 68.75 0.5373 61.57
960 1.3678 56.25 0.5274 65.16
970 0.7064 68.75 0.3381 64.62
980 1.6609 46.88 0.6134 64.41
990 1.0618 62.50 0.4232 64.14
1000 1.5442 50.00 0.4463 62.91
1010 1.4566 50.00 0.6469 62.69
1020 1.0777 62.50 0.3905 60.82
1030 0.8551 75.00 0.4223 59.39
1040 0.6657 75.00 0.3892 65.25
1050 0.8270 71.88 0.3912 61.54
1060 0.8744 68.75 0.3982 65.54
1070 0.9849 59.38 0.4711 60.82
1080 1.1952 65.62 0.4793 61.76
1090 1.1530 56.25 0.4832 62.33
1100 1.0469 59.38 0.3963 61.59
1110 1.0602 65.62 0.3335 64.89
1120 1.2773 59.38 0.5112 64.07
1130 1.3754 53.12 0.4001 63.25
1140 1.8158 43.75 0.8108 61.33
1150 1.4900 46.88 0.5140 65.41
1160 0.6475 81.25 0.5152 62.89
1170 1.3392 65.62 0.4755 62.73
1180 1.0667 59.38 0.5022 61.57
1190 0.9751 62.50 0.5797 63.65
1200 1.3120 56.25 0.6719 61.74
1210 0.8721 68.75 0.3548 60.28
1220 0.8596 68.75 0.4134 62.52
1230 1.2425 56.25 0.5745 66.95
1240 1.2129 59.38 0.5025 59.96
1250 1.2650 59.38 0.3631 61.08
1260 0.9646 62.50 0.4378 62.23
1270 1.1211 59.38 0.5323 59.09
1280 1.1177 56.25 0.3875 62.73
1290 1.4385 46.88 0.5459 57.77
1300 0.9004 65.62 0.4200 58.05
1310 1.1477 62.50 0.4237 58.34
1320 0.9947 65.62 0.3458 62.36
1330 1.2098 59.38 0.5342 63.57
1340 0.9265 71.88 0.4980 62.92
1350 0.9632 71.88 0.4612 64.59
1360 1.5263 50.00 0.7086 61.39
1370 0.8335 75.00 0.4275 62.50
1380 1.0699 62.50 0.4404 62.80
1390 0.9528 75.00 0.4719 67.63
1400 1.3049 53.12 0.6169 65.90
1410 1.2507 50.00 0.6474 65.30
1420 0.9814 65.62 0.5238 65.05
1430 1.2945 56.25 0.6015 60.27
1440 1.4388 50.00 0.3996 59.20
1450 0.9577 68.75 0.5753 56.15
1460 1.1018 56.25 0.4959 60.59
1470 1.0256 65.62 0.4938 61.06
1480 1.2023 53.12 0.4065 66.05
1490 1.0331 68.75 0.5112 61.68
1500 1.0815 65.62 0.4872 64.86
1510 1.1652 53.12 0.4394 58.44
1520 1.4553 50.00 0.5743 58.56
1530 0.9266 75.00 0.5633 60.49
1540 1.0670 56.25 0.4729 61.97
1550 1.3606 53.12 0.6396 63.78
1560 1.1301 62.50 0.4418 65.05
1570 1.0440 68.75 0.3974 62.82
1580 0.9352 75.00 0.6045 62.70
1590 1.3902 53.12 0.5944 62.56
1600 1.1931 56.25 0.5083 60.08
1610 1.0852 59.38 0.5026 62.15
1620 1.1962 53.12 0.4547 62.70
1630 1.2193 53.12 0.5403 59.87
1640 1.3249 56.25 0.3867 59.59
1650 1.1385 65.62 0.5258 61.30
1660 1.4966 50.00 0.4971 63.41
1670 1.0041 68.75 0.4541 60.65
1680 1.3707 56.25 0.4628 56.91
1690 1.2669 59.38 0.5951 61.27
1700 0.6388 81.25 0.3992 62.98
1710 0.8188 78.12 0.4615 66.25
1720 1.2723 59.38 0.4861 63.24
1730 0.7608 78.12 0.4483 65.09
1740 0.9387 75.00 0.5623 61.43
1750 0.9889 62.50 0.4149 58.16
1760 0.8644 68.75 0.6248 64.25
1770 0.9205 71.88 0.4360 62.31
1780 1.1309 65.62 0.4621 64.85
1790 0.7396 78.12 0.4430 65.17
1800 1.1170 53.12 0.3593 63.22
1810 1.5394 56.25 0.5303 63.02
1820 0.8067 71.88 0.4655 63.85
1830 1.0039 71.88 0.4785 62.44
1840 1.2473 62.50 0.4730 60.95
1850 0.8540 68.75 0.3961 65.05
1860 1.3364 56.25 0.5229 61.96
1870 1.0320 59.38 0.3411 59.28
