batch class_loss class_acc conf_loss conf
0 1.5597 53.12 0.5245 61.25
10 1.0575 62.50 0.4508 61.05
20 1.2025 62.50 0.5600 61.34
30 1.2390 59.38 0.5008 59.00
40 1.1828 68.75 0.5645 59.89
50 1.7780 46.88 0.6670 58.36
60 1.3381 53.12 0.5400 57.67
70 0.9175 75.00 0.4047 61.52
80 0.9631 68.75 0.4915 62.23
90 1.5399 50.00 0.5366 63.90
100 0.7526 65.62 0.5232 60.66
110 1.1559 62.50 0.5123 58.81
120 1.3448 46.88 0.4891 57.70
130 1.4545 59.38 0.4418 60.91
140 1.0871 62.50 0.5574 60.67
150 1.1912 59.38 0.5092 62.98
160 1.1845 56.25 0.6030 60.06
170 1.1986 53.12 0.4980 58.95
180 1.0056 68.75 0.4511 57.67
190 1.1176 59.38 0.4640 60.82
200 1.0860 65.62 0.4369 65.30
210 1.3046 50.00 0.6371 57.73
220 1.3009 62.50 0.4878 55.28
230 1.1943 53.12 0.5610 56.24
240 1.3569 53.12 0.4151 54.82
250 1.3240 56.25 0.4469 57.58
260 1.1940 59.38 0.6810 62.74
270 0.9073 71.88 0.5595 60.92
280 1.3706 50.00 0.6264 60.03
290 1.0178 65.62 0.4966 59.33
300 1.1533 65.62 0.4706 56.48
310 0.8875 68.75 0.4867 60.19
320 1.6020 65.62 0.6944 59.31
330 1.5990 43.75 0.5417 60.76
340 1.2224 59.38 0.5193 56.87
350 1.0252 62.50 0.5793 59.28
360 1.2388 59.38 0.4913 59.39
370 1.1512 59.38 0.4689 59.15
380 1.2917 62.50 0.4739 61.22
390 1.1117 62.50 0.4627 61.25
400 1.1614 71.88 0.5929 63.37
410 1.0318 59.38 0.5104 61.97
420 1.0446 68.75 0.4466 61.07
430 0.8624 62.50 0.5657 62.57
440 1.1677 62.50 0.5902 60.51
450 1.5666 53.12 0.6595 64.85
460 0.9727 59.38 0.5344 62.72
470 0.7739 81.25 0.5003 62.70
480 1.3762 50.00 0.6039 60.33
490 1.4102 53.12 0.4738 58.64
500 1.0906 59.38 0.5130 61.68
510 1.0640 62.50 0.4296 63.13
520 1.1887 56.25 0.6013 61.56
530 0.9352 65.62 0.5345 60.40
540 1.1641 62.50 0.4582 59.90
550 1.1248 59.38 0.4373 60.24
560 1.3960 56.25 0.5700 61.68
570 1.2308 59.38 0.5893 64.42
580 1.2701 53.12 0.4425 60.40
590 1.1194 62.50 0.5605 55.94
600 0.8818 71.88 0.4058 60.26
610 1.2719 59.38 0.4106 62.69
620 1.1466 65.62 0.7172 63.64
630 1.1994 50.00 0.4936 61.08
640 1.1763 59.38 0.4252 61.33
650 1.2651 50.00 0.4818 57.18
660 0.7317 81.25 0.5471 57.81
670 1.1152 68.75 0.4749 60.62
680 1.2304 56.25 0.4945 64.84
690 0.9268 68.75 0.5685 62.15
700 0.9787 62.50 0.5191 61.33
710 1.0470 62.50 0.5134 60.27
720 1.2149 59.38 0.5340 58.71
730 1.3101 53.12 0.6381 54.78
740 1.3172 50.00 0.6363 56.75
750 0.9740 65.62 0.5090 57.13
760 1.1643 59.38 0.7590 59.57
770 0.7625 68.75 0.3861 58.72
780 1.2819 56.25 0.5497 63.66
790 0.9989 56.25 0.4894 63.52
800 1.7292 50.00 0.6089 58.85
810 1.2608 56.25 0.4540 60.30
820 1.4289 56.25 0.5712 60.07
830 1.5316 53.12 0.4366 60.41
840 1.3910 50.00 0.5183 57.32
850 1.2041 56.25 0.5172 59.62
860 1.3234 59.38 0.5858 59.95
870 1.3544 53.12 0.5892 62.08
880 1.4419 50.00 0.6225 59.74
890 1.3319 50.00 0.5229 59.70
900 1.4708 53.12 0.5476 57.84
910 1.2472 59.38 0.5789 56.16
920 1.0184 62.50 0.7489 60.21
930 1.5393 56.25 0.6936 63.16
940 0.9175 68.75 0.6325 64.15
950 1.5017 50.00 0.6620 64.43
960 0.9331 78.12 0.4749 61.62
970 0.9693 78.12 0.5977 61.90
980 1.3727 59.38 0.7025 61.03
990 1.5811 43.75 0.5455 59.62
1000 1.1335 65.62 0.5892 60.20
1010 1.2156 65.62 0.5081 59.39
1020 1.4241 53.12 0.4462 59.93
1030 1.3004 59.38 0.4218 56.42
1040 1.1081 68.75 0.5927 60.76
1050 1.6234 40.62 0.6364 61.22
1060 0.9519 68.75 0.5671 62.97
1070 1.5618 46.88 0.5324 60.16
1080 1.1019 59.38 0.5767 61.81
1090 0.9706 65.62 0.4368 61.50
1100 1.1118 62.50 0.6125 59.07
1110 1.1487 59.38 0.4962 60.33
1120 1.0578 59.38 0.4957 58.31
1130 0.8352 68.75 0.4186 58.50
1140 1.0692 62.50 0.5935 61.76
1150 1.0508 68.75 0.4843 60.05
1160 1.1359 62.50 0.5916 62.28
1170 1.0592 62.50 0.5069 58.86
1180 1.1692 46.88 0.5978 62.10
1190 1.6747 46.88 0.7038 58.58
1200 1.6318 50.00 0.5456 59.16
1210 1.4392 46.88 0.3937 57.48
1220 1.2217 53.12 0.5566 58.06
1230 1.0353 62.50 0.5268 55.91
1240 1.0426 68.75 0.5597 58.68
1250 0.8091 78.12 0.5434 62.46
1260 1.6027 53.12 0.7187 63.58
1270 1.1160 65.62 0.5234 57.13
1280 1.1450 56.25 0.6091 60.85
1290 0.9867 75.00 0.6168 60.11
1300 1.2962 46.88 0.5676 58.70
1310 1.2016 56.25 0.4650 60.01
1320 1.0438 56.25 0.6511 61.44
1330 1.0351 65.62 0.3972 62.26
1340 0.8422 68.75 0.5931 64.67
1350 0.9092 75.00 0.4661 59.45
1360 1.0501 71.88 0.5102 59.30
1370 1.2255 53.12 0.4355 58.73
1380 0.9678 68.75 0.3904 63.23
1390 1.4440 46.88 0.6022 62.14
1400 0.8144 71.88 0.3734 64.00
1410 1.4156 56.25 0.5217 62.88
1420 1.2933 59.38 0.6193 61.75
1430 1.0663 65.62 0.5634 57.47
1440 1.2981 53.12 0.4113 57.75
1450 1.2309 53.12 0.5119 59.51
1460 1.1310 62.50 0.4786 59.42
1470 1.0089 65.62 0.4697 63.47
1480 1.3339 50.00 0.4564 61.26
1490 1.2723 50.00 0.6298 62.88
1500 1.4117 46.88 0.5901 63.50
1510 1.2631 53.12 0.5975 63.21
1520 1.5064 53.12 0.5768 60.30
1530 1.5008 43.75 0.6353 60.91
1540 1.1283 65.62 0.6031 60.80
1550 1.1453 62.50 0.5936 60.25
1560 1.1144 65.62 0.5502 60.07
1570 0.9695 68.75 0.5096 59.67
1580 1.0647 65.62 0.6116 61.21
1590 1.3346 56.25 0.7438 61.59
1600 0.8503 75.00 0.4089 61.58
1610 1.4240 62.50 0.5643 63.34
1620 1.2204 53.12 0.4446 64.08
1630 1.2032 59.38 0.3866 61.04
1640 1.1892 68.75 0.4885 61.20
1650 1.3172 56.25 0.4427 60.64
1660 1.1710 65.62 0.6364 59.82
1670 1.1856 62.50 0.5404 61.94
1680 1.4629 53.12 0.5939 61.39
1690 0.9973 65.62 0.3963 60.80
1700 1.2490 46.88 0.5448 62.06
1710 0.9435 68.75 0.5057 65.74
1720 0.9183 78.12 0.4908 63.21
1730 1.0791 62.50 0.4604 63.11
1740 1.3037 59.38 0.6349 57.93
1750 1.3816 50.00 0.5361 57.92
1760 1.1317 53.12 0.4313 59.59
1770 1.2609 53.12 0.6790 63.90
1780 1.0506 65.62 0.5342 60.08
1790 0.9816 71.88 0.4532 57.66
1800 1.1299 68.75 0.3999 61.96
1810 1.5238 34.38 0.8056 63.41
1820 1.1223 56.25 0.4210 58.89
1830 1.0810 59.38 0.5124 61.79
1840 0.8089 65.62 0.4797 62.93
1850 1.0587 65.62 0.5485 64.63
1860 1.1352 53.12 0.5326 60.63
1870 1.1225 56.25 0.3987 60.08
