batch class_loss class_acc conf_loss conf
0 0.9079 71.88 0.5220 60.23
10 1.4303 34.38 0.7645 63.15
20 1.3280 59.38 0.5490 60.58
30 1.0135 71.88 0.4371 58.65
40 1.1686 56.25 0.5326 57.27
50 1.1187 56.25 0.5538 57.28
60 0.9637 56.25 0.5602 60.73
70 0.9960 71.88 0.5958 60.30
80 0.8717 71.88 0.5358 60.21
90 1.4356 46.88 0.5508 60.46
100 1.5110 46.88 0.5356 59.80
110 1.0757 62.50 0.5800 61.43
120 1.3683 59.38 0.7713 64.51
130 0.8557 68.75 0.4706 64.33
140 1.2043 46.88 0.6300 66.30
150 1.1961 65.62 0.5001 60.42
160 1.2066 59.38 0.5238 56.26
170 1.0991 59.38 0.5038 59.74
180 0.9635 59.38 0.5537 59.31
190 1.3818 46.88 0.5451 61.05
200 1.1185 59.38 0.5136 58.40
210 1.0091 62.50 0.3898 61.44
220 1.0124 68.75 0.5138 60.34
230 1.4340 56.25 0.6487 59.36
240 1.2492 56.25 0.7149 60.45
250 1.0556 65.62 0.4823 58.01
260 1.1524 56.25 0.5896 60.21
270 1.1071 62.50 0.4301 60.44
280 1.5836 50.00 0.5785 58.64
290 1.1660 56.25 0.4389 55.74
300 1.4382 50.00 0.6717 54.19
310 1.3458 56.25 0.5506 60.41
320 1.1256 59.38 0.4800 61.80
330 0.9813 71.88 0.4339 59.88
340 1.4066 56.25 0.7149 67.49
350 1.1954 59.38 0.4282 62.53
360 0.9645 62.50 0.5401 57.76
370 1.2371 56.25 0.5011 57.70
380 0.9669 65.62 0.5185 58.05
390 0.9889 62.50 0.5123 58.74
400 1.5825 53.12 0.6155 60.85
410 0.7129 78.12 0.5244 58.60
420 1.0459 71.88 0.5217 60.42
430 1.5423 43.75 0.5380 61.56
440 1.2655 56.25 0.7119 60.03
450 0.9009 68.75 0.4477 60.77
460 1.0601 59.38 0.4668 58.64
470 1.3880 56.25 0.5551 56.81
480 1.1053 59.38 0.5735 60.80
490 1.1049 65.62 0.6094 58.35
500 1.0198 68.75 0.4823 60.74
510 1.3762 53.12 0.6327 59.15
520 1.0967 65.62 0.6164 58.43
530 1.1104 65.62 0.7315 62.03
540 1.2017 56.25 0.5165 59.55
550 0.9467 78.12 0.5402 63.73
560 1.7242 37.50 0.6959 63.65
570 1.2586 53.12 0.6304 63.16
580 1.3117 46.88 0.4532 60.57
590 1.1870 65.62 0.5885 59.14
600 1.6454 40.62 0.6056 59.57
610 1.5275 46.88 0.5972 60.34
620 1.0981 62.50 0.4124 57.23
630 1.1247 56.25 0.4362 57.10
640 1.1460 56.25 0.5487 61.35
650 1.0759 59.38 0.5368 62.83
660 1.4322 56.25 0.4767 60.37
670 1.3089 53.12 0.5738 62.69
680 1.1792 53.12 0.4159 60.71
690 1.2476 56.25 0.5114 58.75
700 1.1400 71.88 0.5101 59.50
710 0.8181 71.88 0.4631 60.44
720 1.1787 53.12 0.4663 63.68
730 1.4017 53.12 0.5506 65.47
740 1.1898 59.38 0.5375 57.90
750 1.2883 53.12 0.6273 60.14
760 1.2866 56.25 0.4906 59.28
770 0.9541 59.38 0.4702 59.99
780 1.5470 43.75 0.6795 59.47
790 1.2379 56.25 0.5049 59.25
800 1.4062 56.25 0.6307 59.12
810 1.5129 50.00 0.6347 59.68
820 0.8973 68.75 0.5191 59.60
830 0.9516 59.38 0.4493 59.63
840 1.0744 59.38 0.4549 61.53
850 1.2566 65.62 0.5736 58.43
860 1.2557 59.38 0.4976 56.39
870 1.0951 71.88 0.5211 56.95
880 1.2931 50.00 0.6263 59.09
890 1.4002 50.00 0.4852 56.05
900 1.3752 53.12 0.5694 55.79
910 1.2666 59.38 0.6292 58.06
920 1.0823 65.62 0.5033 62.96
930 1.0888 56.25 0.4800 61.04
940 1.0558 62.50 0.5160 62.60
950 0.9566 75.00 0.5838 61.38
960 1.1641 62.50 0.5793 61.91
970 1.1466 56.25 0.5525 61.40
980 1.0924 65.62 0.4420 61.01
990 0.9801 62.50 0.5116 60.61
1000 1.1456 62.50 0.4112 60.14
1010 1.2019 53.12 0.4579 60.34
1020 1.1953 65.62 0.5229 59.57
1030 1.3263 53.12 0.4376 56.13
1040 1.2991 59.38 0.4973 56.67
1050 1.2765 62.50 0.6374 55.85
1060 1.3779 59.38 0.5845 58.86
1070 1.0302 68.75 0.4234 59.25
1080 1.1539 62.50 0.6732 60.36
1090 1.0503 59.38 0.6165 61.10
1100 0.9819 75.00 0.6337 62.64
1110 0.9474 65.62 0.4877 60.55
1120 1.0134 59.38 0.4496 60.57
1130 1.0982 56.25 0.5391 63.31
1140 1.1449 59.38 0.4078 58.79
1150 0.9577 68.75 0.5714 55.77
1160 1.3814 56.25 0.5037 62.13
1170 0.9555 71.88 0.4025 60.48
1180 1.0795 71.88 0.5385 61.42
1190 1.2160 56.25 0.6526 61.52
1200 1.2896 53.12 0.4718 58.38
1210 1.1230 65.62 0.6050 62.04
1220 1.0293 68.75 0.4984 64.69
1230 1.1810 65.62 0.6281 61.53
1240 1.1184 59.38 0.4880 63.33
1250 1.4391 56.25 0.7577 63.00
1260 1.0399 62.50 0.5017 63.33
1270 0.9206 71.88 0.6246 65.21
1280 1.8597 46.88 0.7647 64.31
1290 1.2022 71.88 0.6888 63.31
1300 1.2038 59.38 0.5687 62.28
1310 1.0027 62.50 0.4876 56.67
1320 1.1641 59.38 0.4654 59.78
1330 1.0440 65.62 0.6684 59.16
1340 1.4196 46.88 0.5375 59.46
1350 1.3811 53.12 0.5269 56.50
1360 1.2815 56.25 0.4314 60.69
1370 0.9713 65.62 0.4746 60.63
1380 0.9901 68.75 0.5472 64.67
1390 1.2709 53.12 0.4951 59.81
1400 1.0452 65.62 0.5397 60.38
1410 1.6104 43.75 0.6118 60.70
1420 1.5504 40.62 0.6644 58.87
1430 1.4355 56.25 0.5037 59.12
1440 1.2148 59.38 0.5519 61.76
1450 0.9987 62.50 0.7367 62.76
1460 1.2625 56.25 0.6744 62.73
1470 0.8930 75.00 0.5726 63.84
1480 1.1303 68.75 0.5272 60.31
1490 1.0472 71.88 0.5975 61.67
1500 1.0558 56.25 0.4381 61.48
1510 1.0918 71.88 0.5038 62.26
1520 1.1273 53.12 0.5788 61.09
1530 1.2807 50.00 0.5364 57.71
1540 1.1156 65.62 0.4075 57.47
1550 1.5287 43.75 0.5069 59.12
1560 1.3823 53.12 0.5520 59.32
1570 1.1441 71.88 0.5769 58.98
1580 1.0874 71.88 0.6442 59.27
1590 1.1606 59.38 0.4880 63.02
1600 1.0569 65.62 0.5521 60.04
1610 0.9241 75.00 0.4730 62.28
1620 1.0516 68.75 0.5003 63.97
1630 0.8879 65.62 0.5372 63.78
1640 1.1586 56.25 0.5914 63.93
1650 1.0742 56.25 0.6009 65.60
1660 1.0963 59.38 0.4717 60.35
1670 1.0237 62.50 0.3943 60.66
1680 1.4355 53.12 0.6058 61.80
1690 1.0799 62.50 0.5031 62.74
1700 1.0663 59.38 0.4622 57.64
1710 1.2992 50.00 0.6393 60.80
1720 0.9481 71.88 0.4874 63.41
1730 1.3169 53.12 0.5904 60.63
1740 1.4037 46.88 0.5649 58.03
1750 0.8815 71.88 0.4767 56.09
1760 1.2545 46.88 0.5252 57.46
1770 1.4908 43.75 0.5744 58.64
1780 1.7058 43.75 0.6284 61.48
1790 1.3878 56.25 0.5932 63.24
1800 1.1300 59.38 0.6518 60.19
1810 1.1375 56.25 0.4398 58.12
1820 1.1573 62.50 0.5467 63.76
1830 1.1530 75.00 0.5237 62.83
1840 0.8315 71.88 0.4469 60.99
1850 1.1667 56.25 0.4117 59.06
1860 0.9629 62.50 0.4292 61.08
1870 0.9902 65.62 0.5235 62.44
