batch class_loss class_acc conf_loss conf
0 2.3324 9.38 0.7008 49.28
10 2.3541 9.38 0.4351 28.67
20 2.3469 15.62 0.4123 16.64
30 2.2891 6.25 0.2855 12.50
40 2.2707 15.62 0.4456 12.32
50 2.1692 25.00 0.6025 15.55
60 2.0926 28.12 0.6345 21.32
70 2.1244 25.00 0.5933 25.81
80 1.9886 37.50 0.6361 28.00
90 1.9540 40.62 0.7511 30.81
100 1.9425 34.38 0.6110 34.43
110 2.0343 25.00 0.5665 38.97
120 1.7774 40.62 0.7008 41.53
130 1.6783 46.88 0.6511 41.50
140 1.8116 40.62 0.6306 43.00
150 1.4949 46.88 0.6201 42.76
160 1.3921 53.12 0.6359 47.61
170 1.5032 50.00 0.5818 49.56
180 1.6041 40.62 0.6030 50.00
190 1.4495 53.12 0.6120 50.37
200 1.2542 71.88 0.6642 51.48
210 1.1798 68.75 0.6316 51.80
220 1.5498 43.75 0.5716 51.99
230 1.6846 34.38 0.6178 51.20
240 1.3233 50.00 0.6114 50.29
250 1.3835 56.25 0.5530 49.90
260 1.2368 65.62 0.5755 51.93
270 1.3475 50.00 0.5476 51.31
280 1.3090 56.25 0.5829 53.22
290 1.4332 62.50 0.5536 55.44
300 1.3423 56.25 0.6047 53.51
310 1.5284 43.75 0.5592 55.37
320 1.3299 50.00 0.6672 53.93
330 1.3737 59.38 0.5436 51.14
340 1.8028 31.25 0.6023 49.53
350 1.0682 62.50 0.5849 47.77
360 1.2308 59.38 0.6810 50.28
370 1.5219 43.75 0.4940 53.54
380 1.3385 59.38 0.6889 54.19
390 1.3166 59.38 0.5509 55.14
400 1.5003 46.88 0.5173 52.10
410 1.4100 62.50 0.5443 51.00
420 1.3704 56.25 0.6046 51.33
430 1.5144 37.50 0.6292 54.77
440 1.4603 50.00 0.6151 53.96
450 1.4349 56.25 0.7511 53.68
460 1.4654 50.00 0.6680 55.06
470 1.2839 59.38 0.4082 53.96
480 1.2492 59.38 0.6458 56.69
490 1.4143 59.38 0.6369 57.70
500 1.5270 40.62 0.6454 56.11
510 1.6805 43.75 0.5824 57.54
520 1.4158 50.00 0.6469 55.74
530 1.4717 50.00 0.6092 52.88
540 1.2434 62.50 0.6079 53.36
550 1.6576 40.62 0.6574 52.68
560 1.2974 53.12 0.6098 53.02
570 1.1626 50.00 0.4390 53.34
580 1.5621 50.00 0.5842 54.91
590 1.5637 37.50 0.6151 57.87
600 1.1785 68.75 0.6172 51.53
610 1.0180 71.88 0.6646 48.98
620 1.1141 65.62 0.5428 55.36
630 1.2624 59.38 0.5155 61.69
640 1.4106 59.38 0.5001 59.34
650 1.4571 62.50 0.5840 54.34
660 1.3621 50.00 0.4761 56.63
670 0.9928 68.75 0.5173 56.66
680 1.3236 59.38 0.4661 57.71
690 1.2624 53.12 0.4816 60.25
700 1.0191 75.00 0.6692 58.10
710 1.1373 65.62 0.5638 57.17
720 1.5456 43.75 0.6229 57.15
730 1.3129 56.25 0.4674 57.16
740 1.2982 53.12 0.6435 55.36
750 1.5542 37.50 0.3933 52.00
760 1.1243 50.00 0.5994 56.19
770 1.4866 50.00 0.6246 59.75
780 1.3950 50.00 0.4585 55.05
790 1.2573 56.25 0.5209 54.83
800 1.7826 37.50 0.5936 54.43
810 1.2237 62.50 0.5851 57.34
820 1.5476 62.50 0.6553 57.86
830 1.1087 59.38 0.5329 58.78
840 0.9919 65.62 0.4749 58.61
850 0.9231 65.62 0.6621 58.83
860 1.4226 56.25 0.5930 60.27
870 1.1373 62.50 0.5332 56.56
880 1.0018 68.75 0.5508 58.35
890 1.4759 50.00 0.6017 58.34
900 1.1533 59.38 0.5706 54.96
910 0.9959 68.75 0.6627 56.27
920 1.1286 53.12 0.6540 58.54
930 1.2363 56.25 0.5347 56.35
940 1.1509 56.25 0.6138 55.26
950 1.0779 65.62 0.5574 57.98
960 1.2222 59.38 0.5049 57.85
970 1.5125 59.38 0.5073 61.75
980 1.4980 56.25 0.6515 60.10
990 1.2523 62.50 0.5117 58.19
1000 1.3697 68.75 0.6286 57.00
1010 1.1951 50.00 0.5664 56.56
1020 1.3341 53.12 0.6716 54.97
1030 1.1478 68.75 0.5509 53.55
1040 0.9054 65.62 0.6249 58.71
1050 1.3760 59.38 0.7088 58.67
1060 1.5204 43.75 0.5606 58.42
1070 1.4712 53.12 0.7298 60.76
1080 1.1334 62.50 0.5382 59.67
1090 1.4004 53.12 0.7196 62.05
1100 0.9953 68.75 0.5251 60.21
1110 1.2870 56.25 0.5892 63.30
1120 1.2976 56.25 0.5888 60.75
1130 1.0931 59.38 0.5721 58.55
1140 1.2911 43.75 0.6064 58.97
1150 1.9808 31.25 0.5159 54.43
1160 1.0524 65.62 0.5071 57.16
1170 0.9565 65.62 0.4658 59.91
1180 1.0070 56.25 0.5602 58.98
1190 1.3823 56.25 0.6154 58.59
1200 1.1158 65.62 0.4900 60.10
1210 1.1008 62.50 0.5171 58.47
1220 1.0742 65.62 0.5100 60.22
1230 1.3189 59.38 0.4698 59.47
1240 1.4272 56.25 0.4885 57.69
1250 1.0546 65.62 0.4995 60.47
1260 1.5471 43.75 0.5518 58.27
1270 1.4188 56.25 0.4758 56.64
1280 1.0282 68.75 0.5393 57.40
1290 1.1955 65.62 0.5685 57.82
1300 1.3088 46.88 0.5343 58.76
1310 1.3113 59.38 0.6046 57.72
1320 1.6552 37.50 0.5874 56.58
1330 1.2098 62.50 0.4980 57.87
1340 1.0939 68.75 0.5218 57.69
1350 1.3798 53.12 0.5687 59.56
1360 1.4960 50.00 0.5124 56.10
1370 0.9742 62.50 0.5765 55.11
1380 1.3050 56.25 0.4950 55.89
1390 1.1481 62.50 0.4569 59.34
1400 1.1759 53.12 0.4411 61.58
1410 1.4344 50.00 0.5025 59.93
1420 1.2306 62.50 0.4065 58.07
1430 1.1252 59.38 0.5357 58.02
1440 0.9534 68.75 0.4588 57.95
1450 0.8907 78.12 0.5734 58.27
1460 1.2755 46.88 0.4797 57.32
1470 1.6088 53.12 0.5564 57.57
1480 1.2147 59.38 0.5636 57.20
1490 1.4599 53.12 0.5442 59.40
1500 1.3555 56.25 0.7137 57.99
1510 1.0933 62.50 0.5522 57.94
1520 1.5120 37.50 0.5835 56.15
1530 1.5949 46.88 0.5414 55.48
1540 0.7671 71.88 0.5732 57.52
1550 1.3064 53.12 0.5664 61.33
1560 1.6346 37.50 0.7132 60.54
1570 1.4034 62.50 0.6119 57.55
1580 0.9001 71.88 0.4421 57.18
1590 0.9038 81.25 0.6369 57.28
1600 1.1947 62.50 0.6558 55.35
1610 1.1865 59.38 0.5588 60.18
1620 1.4880 40.62 0.5752 60.72
1630 1.4279 43.75 0.5762 58.39
1640 1.5789 31.25 0.6522 57.54
1650 1.2803 53.12 0.4782 56.95
1660 1.1560 50.00 0.6183 58.30
1670 1.5510 40.62 0.6480 61.70
1680 1.1124 62.50 0.6398 57.89
1690 1.3460 56.25 0.5553 55.30
1700 1.5518 46.88 0.5964 55.34
1710 1.0509 65.62 0.6427 58.23
1720 0.9893 71.88 0.4563 60.08
1730 1.3318 62.50 0.5263 58.19
1740 1.3224 56.25 0.4935 58.85
1750 1.0269 65.62 0.5112 61.70
1760 0.8545 65.62 0.5175 61.55
1770 1.7026 50.00 0.6720 60.91
1780 1.4348 56.25 0.6773 61.91
1790 0.9852 62.50 0.3884 62.27
1800 1.0304 68.75 0.4288 61.96
1810 1.0607 53.12 0.5650 63.27
1820 1.4410 53.12 0.7695 60.19
1830 0.9430 62.50 0.5686 60.37
1840 1.1729 62.50 0.5845 62.43
1850 1.3019 62.50 0.6521 62.42
1860 1.1388 56.25 0.5529 55.51
1870 1.1527 68.75 0.4547 59.33
