batch class_loss class_acc conf_loss conf
0 1.0740 59.38 0.4342 60.43
10 1.3765 53.12 0.5541 59.82
20 0.9995 62.50 0.4105 57.45
30 1.1993 62.50 0.5079 55.70
40 1.4177 53.12 0.4590 57.10
50 1.0208 68.75 0.4117 61.23
60 1.1063 59.38 0.5978 63.20
70 0.8731 68.75 0.4405 58.56
80 0.9522 71.88 0.5844 58.51
90 1.2718 50.00 0.5622 62.94
100 1.3555 53.12 0.5170 63.18
110 0.9663 71.88 0.4531 60.97
120 1.0518 59.38 0.4946 59.29
130 1.5308 50.00 0.4866 54.71
140 1.0539 56.25 0.4899 56.17
150 1.3895 53.12 0.5765 58.44
160 1.1669 65.62 0.5548 58.80
170 1.0512 62.50 0.4853 60.82
180 1.2697 50.00 0.4842 60.95
190 1.1220 68.75 0.4297 60.49
200 1.2337 62.50 0.4511 61.90
210 1.0864 62.50 0.7944 61.30
220 1.2859 59.38 0.5147 56.48
230 1.0575 68.75 0.4441 58.64
240 1.3326 53.12 0.4433 59.98
250 1.2418 56.25 0.5092 62.39
260 1.1008 56.25 0.4728 62.56
270 1.3332 59.38 0.5973 61.26
280 1.1334 62.50 0.4822 62.81
290 1.2045 56.25 0.4329 57.47
300 1.3291 46.88 0.3893 59.07
310 0.9765 59.38 0.4514 61.69
320 1.4581 46.88 0.7203 59.56
330 1.1953 56.25 0.5168 61.01
340 1.0193 68.75 0.4817 61.67
350 0.8876 75.00 0.4706 62.09
360 1.2111 46.88 0.5777 63.89
370 1.1750 65.62 0.5628 65.75
380 1.0964 59.38 0.6115 59.20
390 0.9063 68.75 0.5782 60.01
400 1.2637 53.12 0.3579 59.14
410 1.3941 53.12 0.6969 60.24
420 1.0875 62.50 0.6328 60.50
430 1.2020 56.25 0.4544 61.68
440 1.2793 53.12 0.6451 58.23
450 1.2337 62.50 0.5121 55.17
460 1.3658 46.88 0.5205 59.27
470 0.9883 62.50 0.5050 61.02
480 1.3401 50.00 0.6679 63.59
490 1.2833 50.00 0.4891 60.82
500 0.9440 62.50 0.5350 63.21
510 1.5144 50.00 0.5040 61.09
520 0.9592 68.75 0.5451 61.65
530 0.7509 78.12 0.4560 62.79
540 1.1730 53.12 0.5817 62.92
550 1.2873 53.12 0.4844 67.20
560 0.9334 62.50 0.4222 60.66
570 0.9968 65.62 0.5106 60.69
580 0.7551 78.12 0.4136 61.81
590 0.8585 68.75 0.3278 62.45
600 1.3008 56.25 0.5154 62.79
610 1.1739 50.00 0.5507 62.11
620 1.0022 62.50 0.4154 59.37
630 1.1088 65.62 0.5191 59.27
640 1.3118 56.25 0.6532 59.75
650 1.2416 56.25 0.5445 60.60
660 1.5930 53.12 0.5429 64.64
670 1.2224 59.38 0.5349 62.41
680 0.9198 71.88 0.4834 61.17
690 1.2589 53.12 0.4222 63.89
700 0.9404 71.88 0.4367 60.16
710 1.2184 53.12 0.6152 59.90
720 0.9671 65.62 0.4571 56.30
730 1.2499 62.50 0.5684 56.47
740 1.2519 62.50 0.5929 58.76
750 1.2646 56.25 0.5917 63.18
760 1.2343 65.62 0.5664 61.27
770 1.1308 71.88 0.4450 60.29
780 0.9644 59.38 0.5496 59.69
790 1.1528 53.12 0.5172 58.31
800 1.1857 65.62 0.5869 59.90
810 1.3050 56.25 0.7258 61.36
820 1.0975 62.50 0.5129 64.23
830 1.2989 59.38 0.4069 62.20
840 1.2374 59.38 0.5248 61.46
850 1.4356 50.00 0.6220 59.84
860 0.9288 62.50 0.5625 60.79
870 1.1474 65.62 0.5324 59.59
880 1.1444 65.62 0.6401 59.90
890 1.1085 62.50 0.5420 61.44
900 1.1031 56.25 0.6078 63.38
910 1.2707 53.12 0.4854 63.36
920 1.0821 68.75 0.4561 62.04
930 1.1985 53.12 0.4989 62.27
940 1.2832 53.12 0.5924 57.81
950 1.1226 75.00 0.6457 57.95
960 0.9073 65.62 0.4953 62.80
970 1.1607 56.25 0.6216 61.57
980 1.5082 53.12 0.5222 59.90
990 0.9056 65.62 0.5053 59.74
1000 0.9486 62.50 0.4500 63.38
1010 0.8358 68.75 0.3998 66.22
1020 1.3777 46.88 0.5270 64.71
1030 1.3008 56.25 0.4181 57.42
1040 0.9782 65.62 0.5233 59.31
1050 1.7303 37.50 0.7520 60.39
1060 1.1564 62.50 0.5335 58.84
1070 1.1766 56.25 0.6879 60.99
1080 0.7744 68.75 0.4316 60.96
1090 2.0224 34.38 0.7162 61.44
1100 1.1010 68.75 0.4622 62.29
1110 0.8655 71.88 0.5484 61.99
1120 1.1111 62.50 0.4459 58.76
1130 1.3592 50.00 0.3985 56.84
1140 1.0734 65.62 0.4574 61.93
1150 1.4214 53.12 0.6733 61.06
1160 1.1236 71.88 0.5900 62.42
1170 0.7681 78.12 0.4590 60.32
1180 1.0400 62.50 0.4542 58.71
1190 1.2217 53.12 0.6173 60.37
1200 1.2498 59.38 0.4908 58.80
1210 1.2127 62.50 0.4880 62.69
1220 1.1639 59.38 0.4584 65.77
1230 1.1921 59.38 0.5992 63.09
1240 0.8563 75.00 0.6480 60.20
1250 1.3711 53.12 0.5611 63.37
1260 1.4938 43.75 0.5429 59.28
1270 1.0907 71.88 0.4248 61.76
1280 1.0475 62.50 0.4768 57.40
1290 1.0822 59.38 0.4687 61.01
1300 1.0394 62.50 0.4931 58.39
1310 1.1090 59.38 0.4913 59.68
1320 1.0207 62.50 0.4939 63.08
1330 0.8127 71.88 0.3986 62.74
1340 0.9790 65.62 0.5272 63.17
1350 1.1439 75.00 0.5313 62.60
1360 1.2889 56.25 0.5643 61.71
1370 1.0979 65.62 0.4265 59.47
1380 1.0310 75.00 0.5714 61.33
1390 1.3841 50.00 0.4524 61.07
1400 0.7802 78.12 0.5033 61.00
1410 1.0311 71.88 0.5722 63.39
1420 1.3017 46.88 0.4432 65.29
1430 1.3891 46.88 0.5381 63.77
1440 1.0672 62.50 0.5172 61.29
1450 1.4829 59.38 0.5667 63.06
1460 1.5262 53.12 0.5269 60.65
1470 1.2767 59.38 0.5011 62.76
1480 1.7685 43.75 0.8133 61.90
1490 1.5264 53.12 0.5572 59.26
1500 1.3671 53.12 0.5973 58.38
1510 1.2832 59.38 0.4960 56.84
1520 0.8323 68.75 0.4974 58.60
1530 1.0706 62.50 0.6112 63.18
1540 1.2192 50.00 0.6530 64.98
1550 1.3583 59.38 0.5474 63.76
1560 1.0431 71.88 0.5091 62.80
1570 1.3861 59.38 0.5140 60.40
1580 1.0459 53.12 0.4207 61.63
1590 1.3185 50.00 0.4658 58.78
1600 1.2085 59.38 0.4670 58.67
1610 1.0760 65.62 0.5803 61.45
1620 1.4168 59.38 0.6948 59.13
1630 1.2172 68.75 0.5787 61.86
1640 1.3912 46.88 0.5627 60.03
1650 0.9960 68.75 0.4654 54.39
1660 1.0607 59.38 0.4161 58.35
1670 1.3034 56.25 0.4403 57.51
1680 1.0206 62.50 0.5433 59.75
1690 1.2251 53.12 0.5374 57.83
1700 1.6548 46.88 0.5233 59.22
1710 1.3202 65.62 0.4799 60.34
1720 1.4441 43.75 0.6199 62.54
1730 0.9925 68.75 0.3977 62.70
1740 1.1180 59.38 0.5183 60.20
1750 1.1714 56.25 0.5989 59.45
1760 1.1297 59.38 0.3791 59.08
1770 1.1297 62.50 0.4809 59.33
1780 1.0582 59.38 0.5829 62.69
1790 1.2201 56.25 0.5335 59.78
1800 0.9555 68.75 0.5042 64.70
1810 1.0817 65.62 0.4926 61.76
1820 1.2924 53.12 0.5381 63.94
1830 1.0716 65.62 0.5568 60.56
1840 1.1350 65.62 0.5135 64.23
1850 1.3544 56.25 0.5699 65.35
1860 1.1965 62.50 0.5374 59.01
1870 1.1871 68.75 0.5690 59.63
