batch class_loss class_acc conf_loss conf
0 0.9188 68.75 0.3942 61.30
10 0.9988 59.38 0.3686 62.14
20 0.9256 65.62 0.4074 60.81
30 0.8922 65.62 0.5036 59.87
40 0.9974 68.75 0.4621 63.76
50 1.0391 65.62 0.3308 65.02
60 1.3615 53.12 0.6376 66.04
70 1.0475 56.25 0.4816 57.78
80 1.0228 62.50 0.4127 61.32
90 1.4328 53.12 0.5170 59.60
100 1.1221 62.50 0.5811 59.60
110 1.2917 50.00 0.4893 57.09
120 1.5512 43.75 0.4095 60.11
130 1.0009 62.50 0.4542 58.13
140 0.9408 65.62 0.3954 59.44
150 1.3126 56.25 0.5771 58.62
160 0.9911 56.25 0.4112 65.49
170 1.0501 65.62 0.4735 63.99
180 1.4551 53.12 0.5946 61.83
190 1.3893 59.38 0.4840 64.76
200 1.0482 62.50 0.3553 62.01
210 1.5030 46.88 0.7451 60.98
220 1.2084 62.50 0.5337 62.72
230 0.8342 71.88 0.3474 60.36
240 0.7757 75.00 0.4947 63.48
250 1.1092 65.62 0.4015 64.44
260 1.0083 59.38 0.5475 64.88
270 1.3192 56.25 0.4302 64.22
280 0.7729 81.25 0.4987 61.02
290 1.5109 46.88 0.6046 65.59
300 1.3017 59.38 0.5061 61.19
310 0.7903 68.75 0.4641 58.92
320 1.2353 65.62 0.4052 62.71
330 1.2279 53.12 0.6745 63.92
340 0.8451 75.00 0.4176 64.05
350 0.7655 71.88 0.3699 66.78
360 0.9415 68.75 0.5913 63.03
370 0.9594 65.62 0.5448 64.91
380 1.0032 65.62 0.4962 61.51
390 0.8643 71.88 0.5955 61.03
400 0.9628 75.00 0.6813 59.08
410 1.2930 59.38 0.4306 64.94
420 1.1370 65.62 0.4039 62.48
430 0.8820 71.88 0.4583 62.50
440 1.1606 56.25 0.5666 62.70
450 1.2544 56.25 0.5881 57.36
460 1.1573 56.25 0.5316 59.62
470 0.9401 65.62 0.4574 59.80
480 1.5908 40.62 0.5694 59.70
490 0.9289 65.62 0.4213 61.67
500 1.1384 68.75 0.5265 62.95
510 1.0973 65.62 0.4647 60.36
520 1.0758 62.50 0.3851 59.27
530 1.1452 59.38 0.5501 63.40
540 1.0843 65.62 0.5109 66.22
550 0.9895 71.88 0.4285 58.50
560 1.0023 56.25 0.4793 64.78
570 1.1895 53.12 0.5052 60.83
580 0.9191 68.75 0.4121 62.80
590 1.4435 53.12 0.7159 60.43
600 0.7345 68.75 0.3988 67.13
610 1.0158 65.62 0.4769 67.15
620 1.2788 56.25 0.5547 65.66
630 0.9198 65.62 0.5465 64.08
640 1.3311 65.62 0.6231 64.31
650 1.1777 59.38 0.4792 58.25
660 0.9152 65.62 0.3867 66.30
670 1.1378 65.62 0.4894 61.83
680 0.9795 62.50 0.4206 65.37
690 1.0068 62.50 0.5936 65.23
700 1.1059 62.50 0.5120 65.09
710 1.1728 56.25 0.5200 62.10
720 1.2426 59.38 0.4046 61.21
730 1.1336 62.50 0.5426 62.40
740 0.7384 78.12 0.3667 62.94
750 0.9006 68.75 0.5918 64.25
760 0.9573 78.12 0.4879 64.50
770 1.1044 62.50 0.4411 62.11
780 1.1705 59.38 0.5943 60.63
790 1.6406 59.38 0.5726 59.39
800 1.6594 53.12 0.6323 63.68
810 1.1162 68.75 0.5179 62.80
820 1.2230 59.38 0.4101 58.39
830 1.0433 59.38 0.5383 62.30
840 1.3229 56.25 0.6036 61.68
850 1.0990 59.38 0.4726 61.12
860 1.0376 68.75 0.4973 59.78
870 1.2582 59.38 0.4632 61.60
880 0.9832 68.75 0.5555 61.19
890 1.1199 59.38 0.4172 60.36
900 1.0006 65.62 0.3102 64.44
910 1.3035 59.38 0.5219 62.74
920 1.3248 59.38 0.4497 58.85
930 0.9954 71.88 0.4357 64.30
940 1.0514 65.62 0.4696 65.18
950 1.0015 62.50 0.3308 60.91
960 1.0991 71.88 0.5430 64.93
970 1.2257 59.38 0.4343 58.95
980 0.8905 71.88 0.4240 60.43
990 1.0217 65.62 0.5419 62.54
1000 1.2634 53.12 0.3764 59.73
1010 1.5529 43.75 0.6417 62.45
1020 1.1134 53.12 0.5060 60.80
1030 1.4045 50.00 0.4542 62.72
1040 1.2318 56.25 0.4361 58.29
1050 0.7376 78.12 0.3896 64.80
1060 1.4345 53.12 0.4091 63.37
1070 1.0611 68.75 0.4700 59.94
1080 1.2941 53.12 0.7434 60.01
1090 0.9819 65.62 0.5667 61.79
1100 1.2568 50.00 0.5512 61.14
1110 1.1220 65.62 0.5740 63.30
1120 1.3988 50.00 0.5742 63.79
1130 1.0226 59.38 0.5682 65.24
1140 1.1382 62.50 0.4028 64.03
1150 1.1617 62.50 0.4717 64.68
1160 0.9037 65.62 0.4478 63.04
1170 1.9108 37.50 0.6499 61.06
1180 1.0617 59.38 0.3525 62.48
1190 0.7935 81.25 0.4629 62.06
1200 0.9917 62.50 0.4107 63.63
1210 1.2618 59.38 0.5697 63.73
1220 1.3226 56.25 0.6034 64.78
1230 0.9455 65.62 0.4596 64.15
1240 1.2471 59.38 0.5289 59.00
1250 0.9693 62.50 0.5010 60.62
1260 1.1884 59.38 0.4841 61.67
1270 1.5260 43.75 0.6072 58.69
1280 1.1414 62.50 0.3235 60.70
1290 0.8073 71.88 0.4146 64.39
1300 0.9486 68.75 0.4996 61.49
1310 1.0728 59.38 0.4418 60.69
1320 0.9318 78.12 0.3828 62.70
1330 1.2425 46.88 0.5469 61.32
1340 0.6243 81.25 0.4287 63.70
1350 1.1726 59.38 0.5502 65.15
1360 1.2721 59.38 0.5625 63.16
1370 1.1399 59.38 0.5306 62.93
1380 0.8560 75.00 0.4389 61.36
1390 0.7704 75.00 0.4732 66.83
1400 0.9867 59.38 0.5031 69.59
1410 0.9567 65.62 0.4493 67.84
1420 0.9681 68.75 0.4395 62.82
1430 1.0658 59.38 0.3296 62.43
1440 0.8903 75.00 0.5251 62.92
1450 0.9176 59.38 0.4640 59.01
1460 1.0954 59.38 0.4604 63.66
1470 1.0700 59.38 0.4551 63.68
1480 1.2690 59.38 0.5063 62.83
1490 0.7909 68.75 0.5352 65.91
1500 0.7824 78.12 0.4194 66.08
1510 0.6736 78.12 0.3618 64.96
1520 0.9978 62.50 0.3123 64.87
1530 0.8587 71.88 0.4035 64.10
1540 1.1073 59.38 0.4964 65.63
1550 0.9992 65.62 0.3890 63.78
1560 1.2285 56.25 0.3908 65.36
1570 0.9572 62.50 0.3842 62.35
1580 0.8815 75.00 0.5084 61.12
1590 1.0615 59.38 0.4938 66.53
1600 1.2549 37.50 0.4154 59.97
1610 1.0952 65.62 0.5430 52.28
1620 0.8347 68.75 0.4573 61.32
1630 0.8743 75.00 0.3908 59.48
1640 0.8764 62.50 0.3680 61.07
1650 1.0396 59.38 0.4661 60.64
1660 0.9446 62.50 0.3825 66.60
1670 1.1385 65.62 0.4130 63.84
1680 1.2930 56.25 0.4801 62.51
1690 1.0691 59.38 0.4734 58.41
1700 0.9313 71.88 0.4589 61.54
1710 1.1750 62.50 0.5919 62.55
1720 0.9962 53.12 0.4414 62.76
1730 1.0454 71.88 0.4942 61.97
1740 0.6234 87.50 0.4461 64.81
1750 0.9292 78.12 0.5371 63.26
1760 1.1625 62.50 0.5046 60.17
1770 1.0278 65.62 0.4943 66.68
1780 1.2159 59.38 0.5324 66.74
1790 1.1842 56.25 0.3366 66.74
1800 0.9609 68.75 0.4429 62.41
1810 0.9338 59.38 0.4795 60.60
1820 0.9022 68.75 0.4807 57.59
1830 0.9385 65.62 0.4443 60.62
1840 0.9771 71.88 0.5624 63.30
1850 1.3156 68.75 0.5543 64.01
1860 1.0539 62.50 0.4222 61.29
1870 1.1767 59.38 0.4083 60.87
