batch class_loss class_acc conf_loss conf
0 1.3732 62.50 0.6564 64.02
10 1.2287 62.50 0.6672 61.36
20 1.3876 50.00 0.4997 61.16
30 0.9009 68.75 0.5666 63.55
40 1.2461 53.12 0.5575 61.96
50 1.0225 68.75 0.7290 61.80
60 1.2069 59.38 0.5169 65.18
70 0.8467 68.75 0.4880 65.20
80 1.0007 62.50 0.4974 63.10
90 0.9263 75.00 0.4432 64.87
100 1.5204 37.50 0.7043 62.82
110 1.0890 65.62 0.5162 60.83
120 1.3399 53.12 0.6283 59.86
130 1.3154 62.50 0.5504 62.72
140 1.4434 50.00 0.4728 60.93
150 0.9380 65.62 0.5243 61.41
160 1.5903 40.62 0.5387 60.55
170 1.1445 56.25 0.5887 57.39
180 0.9809 71.88 0.5076 58.56
190 1.7680 43.75 0.6380 61.64
200 1.0048 68.75 0.5834 62.50
210 0.9479 68.75 0.5349 64.49
220 0.8963 75.00 0.6046 65.64
230 0.8954 68.75 0.3856 64.27
240 1.4114 59.38 0.4181 60.70
250 1.2499 62.50 0.5334 61.15
260 1.0380 62.50 0.4532 60.76
270 1.2243 56.25 0.6168 60.80
280 1.3924 43.75 0.5477 57.81
290 1.0048 68.75 0.4404 58.29
300 0.9886 56.25 0.4581 59.19
310 1.2045 46.88 0.4336 56.66
320 1.1706 59.38 0.4001 59.31
330 0.8893 68.75 0.3394 60.86
340 0.9897 62.50 0.4169 62.24
350 1.0041 68.75 0.4584 63.60
360 0.9921 68.75 0.5662 64.63
370 1.3387 59.38 0.4649 62.33
380 0.7521 81.25 0.4747 58.82
390 0.8430 68.75 0.3358 59.38
400 1.3355 59.38 0.4535 56.90
410 1.1998 65.62 0.4678 58.76
420 0.8053 71.88 0.4564 62.66
430 1.2012 53.12 0.6038 65.15
440 1.1795 50.00 0.6042 63.95
450 1.2653 59.38 0.5307 63.39
460 1.0658 59.38 0.4927 63.84
470 0.8852 65.62 0.3996 62.87
480 1.1617 56.25 0.5519 61.18
490 1.1520 65.62 0.5070 60.77
500 0.8814 68.75 0.4224 63.52
510 0.9490 65.62 0.3935 62.32
520 0.9946 68.75 0.5296 64.27
530 1.3252 46.88 0.5440 59.18
540 0.8462 68.75 0.5440 60.96
550 0.8078 78.12 0.4249 64.71
560 1.3521 53.12 0.6523 66.17
570 0.9055 59.38 0.4463 63.82
580 1.3527 59.38 0.4933 61.73
590 1.2067 59.38 0.3198 60.52
600 1.3364 50.00 0.4705 59.42
610 1.2608 50.00 0.7058 60.77
620 1.7476 43.75 0.6002 57.35
630 0.8857 71.88 0.4649 58.07
640 1.3991 56.25 0.4966 64.19
650 1.1252 62.50 0.5339 62.46
660 1.6431 43.75 0.5235 59.74
670 1.0483 71.88 0.6284 56.69
680 0.9540 68.75 0.2872 61.83
690 0.7118 78.12 0.3344 65.30
700 1.1666 62.50 0.5556 63.45
710 0.8526 75.00 0.3481 60.57
720 0.9955 62.50 0.4507 61.84
730 1.2341 53.12 0.4482 58.18
740 1.0093 62.50 0.5799 61.53
750 0.8162 71.88 0.4981 62.30
760 1.1408 65.62 0.5303 64.71
770 1.2843 53.12 0.6398 68.13
780 1.2322 59.38 0.5127 65.42
790 0.9625 78.12 0.6111 58.99
800 0.9938 71.88 0.5301 60.59
810 1.0415 68.75 0.4697 60.12
820 1.1519 68.75 0.5139 58.24
830 1.1790 56.25 0.5486 60.33
840 1.1384 65.62 0.4621 59.18
850 0.6823 84.38 0.4892 60.17
860 0.9104 68.75 0.3709 63.75
870 1.0495 59.38 0.4168 66.14
880 1.3479 56.25 0.4249 62.55
890 1.1319 53.12 0.5035 63.46
900 1.5398 56.25 0.4661 60.33
910 1.0016 71.88 0.4991 58.25
920 1.2162 50.00 0.5258 61.13
930 1.0891 50.00 0.4793 60.83
940 0.9910 71.88 0.5402 60.60
950 1.3806 59.38 0.5658 56.44
960 1.2301 62.50 0.5500 58.98
970 0.9524 65.62 0.4822 59.51
980 1.2693 62.50 0.5838 62.50
990 0.8162 81.25 0.4170 65.67
1000 1.1166 65.62 0.4243 70.04
1010 0.7635 75.00 0.3291 67.84
1020 1.1292 71.88 0.4712 66.94
1030 1.1879 56.25 0.5134 62.33
1040 1.1099 65.62 0.5688 59.04
1050 1.5582 43.75 0.5379 62.00
1060 0.9018 68.75 0.4870 60.70
1070 1.1032 59.38 0.5384 61.41
1080 1.2265 53.12 0.4391 64.13
1090 0.8294 75.00 0.3923 61.95
1100 1.0391 59.38 0.3644 59.75
1110 0.9233 68.75 0.4188 61.29
1120 0.9709 71.88 0.5117 59.72
1130 1.3209 40.62 0.9203 67.72
1140 1.0335 65.62 0.4521 61.63
1150 0.6823 78.12 0.3759 65.75
1160 1.2941 62.50 0.5992 62.77
1170 1.0523 68.75 0.4010 62.80
1180 1.0542 53.12 0.5739 60.16
1190 1.3298 65.62 0.4277 61.83
1200 0.8567 68.75 0.4450 63.22
1210 1.1827 59.38 0.5199 60.80
1220 1.2038 62.50 0.5167 58.07
1230 1.3870 50.00 0.7379 62.00
1240 1.1097 62.50 0.5096 64.84
1250 0.9284 56.25 0.5364 62.34
1260 1.7044 37.50 0.6806 61.02
1270 0.9426 65.62 0.4516 58.05
1280 1.0363 59.38 0.4201 55.50
1290 1.4494 53.12 0.4617 61.63
1300 1.1242 65.62 0.4990 58.61
1310 1.3500 59.38 0.4773 61.67
1320 0.9837 65.62 0.4122 62.28
1330 1.2733 43.75 0.5071 59.88
1340 1.2181 53.12 0.5580 67.08
1350 1.2673 59.38 0.5430 59.12
1360 1.0753 59.38 0.4502 59.72
1370 1.0715 59.38 0.3792 62.49
1380 0.9629 65.62 0.4112 62.26
1390 1.1296 59.38 0.5935 61.19
1400 1.0057 65.62 0.6695 66.12
1410 1.3610 46.88 0.7104 64.13
1420 1.0963 59.38 0.5391 61.75
1430 1.2876 53.12 0.5177 61.24
1440 0.9965 62.50 0.3510 61.34
1450 1.0600 59.38 0.5637 62.96
1460 0.8921 62.50 0.3264 58.43
1470 1.1022 62.50 0.4232 61.52
1480 1.0621 68.75 0.5869 62.36
1490 0.8612 65.62 0.3768 63.58
1500 1.2181 56.25 0.5108 63.76
1510 1.3876 50.00 0.5180 59.68
1520 1.5775 46.88 0.5737 58.28
1530 1.0199 65.62 0.4176 60.13
1540 0.9899 65.62 0.5120 56.32
1550 0.6820 81.25 0.4282 62.36
1560 0.9430 68.75 0.4342 63.87
1570 1.1253 59.38 0.4498 66.56
1580 1.7482 43.75 0.5859 62.93
1590 0.9491 62.50 0.5511 61.92
1600 1.0022 62.50 0.3863 58.51
1610 1.1672 62.50 0.4150 59.60
1620 1.8303 53.12 0.7613 59.91
1630 1.2303 56.25 0.4960 66.13
1640 1.5685 40.62 0.4223 59.17
1650 0.8912 71.88 0.4603 63.04
1660 0.8902 65.62 0.4516 65.18
1670 1.0415 68.75 0.4668 64.01
1680 1.1412 62.50 0.5091 63.79
1690 1.1213 62.50 0.4227 69.05
1700 0.9503 62.50 0.3741 64.67
1710 1.1811 62.50 0.4368 59.10
1720 1.2470 53.12 0.4682 56.86
1730 0.8529 68.75 0.3983 61.51
1740 1.0505 65.62 0.7552 59.39
1750 1.1860 53.12 0.5361 65.92
1760 0.8917 71.88 0.4033 64.94
1770 1.5644 50.00 0.5935 59.66
1780 1.3316 53.12 0.7558 65.36
1790 1.0629 65.62 0.4446 64.16
1800 1.2150 50.00 0.5181 61.05
1810 1.5250 50.00 0.4903 63.64
1820 0.9724 62.50 0.3721 60.79
1830 0.8532 65.62 0.4723 60.47
1840 1.2986 53.12 0.6355 66.58
1850 0.8987 62.50 0.3548 61.60
1860 0.9447 62.50 0.6561 61.29
1870 1.0016 68.75 0.4229 58.90
